code::0.125::1190,1410,1630,1850,2070,2290,::388.50509165,392.820773931,396.472505092,552.411764706,555.588235294,857.379310345,857.620689655,950.455696203,1910.5,1912.23076923,2842.18337408,2844.12713936,2846.07090465,2881.05867971,-1,-1,
acidic amino::0.0::7700,::1487.96932515,1521.17391304,1671.69293478,1674.31521739,1861.79027356,2853.84596577,
chain::0.0047619047619::1960,4930,5150,5370,5810,::461.539714868,499.384928717,547.117647059,559.823529412,630.864864865,848.068965517,852.24137931,857.137931034,857.793103448,943.215189873,961.037974684,1081.34177215,1089.13924051,1118.65822785,1120.88607595,1225.82515337,1228.69325153,1231.56134969,1254.50613497,1259.09509202,1445.52147239,1459.86196319,1556.3125,1558.41032609,1566.80163043,1701.70516717,1706.78723404,1793.18237082,2211.95238095,2232.4063745,2233.20318725,2238.94802495,2447.75467775,2539.95544554,2870.95110024,2874.06112469,2893.88095238,2904.23015873,3058.19714286,3129.12285714,3148.38285714,-1,
medium medium::0.0
amino acid consists::0.0
lehninger::0.0::380,::178.0390625,
propensity to adopt::0.0::5150,::3082.65428571,
vary::0.0
lle pro val ala::0.0
ala::0.5::860,1080,1300,1520,1740,::857.448275862,2851.90220049,
shape::0.25::2840,::535.71875,543.96875,2922.34126984,-1,
consists::0.0::1960,::435.645621181,
determined::0.0::4930,::3056.97428571,
side chain::0.03125::1960,::461.207739308,499.052953157,546.764705882,559.470588235,629.810810811,848.034482759,852.206896552,857.103448276,857.75862069,942.658227848,1080.78481013,1088.58227848,1225.25153374,1228.1196319,1230.98773006,1444.94785276,1459.28834356,1555.78804348,1557.88586957,1566.27717391,1701.06990881,1706.15197568,1792.54711246,2232.32669323,2233.12350598,2238.45322245,2539.31435644,2870.56234719,2873.67237164,3057.89142857,3128.81714286,3148.07714286,
lle::0.0
thc central::0.0
polarity::0.2::2840,::537.265625,544.484375,1441.50613497,2948.21428571,-1,
polar::0.0::9350,::1067.41772152,1071.87341772,1093.59493671,1126.58895706,1205.74846626,1350.87423313,1469.0398773,1839.556231,1855.43768997,1977.5,2955.32936508,3155.10857143,
group::0.225352112676::1960,2180,2400,::446.932790224,449.256619145,450.916496945,453.240325866,458.219959267,459.547861507,465.191446029,471.83095723,473.490835031,495.069246436,497.393075356,518.9609375,520.25,523.34375,532.625,547.823529412,572.529411765,637.189189189,653.0,660.378378378,667.756756757,715.189189189,728.891891892,827.972972973,834.297297297,844.837837838,850.0,854.068965517,857.931034483,863.012658228,982.759493671,984.987341772,1013.94936709,1034.55696203,1054.05063291,1060.17721519,1062.96202532,1206.32208589,1282.61349693,1353.16871166,1411.67791411,1448.38957055,1469.61349693,1476.49693252,1482.23312883,1518.02717391,1554.73913043,1622.39402174,1642.84782609,1770.31306991,1776.6656535,1788.10030395,1844.63829787,1870.04863222,1903.19230769,1906.46153846,1917.0952381,1978.52380952,2230.57370518,2230.97211155,2233.84063745,2307.23076923,2312.67359667,2504.05445545,2509.82425743,2517.51732673,2531.62128713,2618.16831683,3127.28857143,3127.9,3146.54857143,
differences in side chains::0.0
propensity::0.0::5150,::3082.65428571,3096.10571429,
oca::0.0
functions biological::0.0
letter words::0.0
acids linked::0.0::1960,::2346.81496881,
charge::0.0::4710,::2939.15873016,-1,
lipids::0.0::380,::119.609375,
molecules::0.0::380,::69.9130434783,84.984375,1100.83544304,
rna protein::0.0
position in protein::0.0
bioenergetics with special reference::0.0::380,::155.31640625,
peptide::0.0::1960,::408.755600815,423.362525458,427.678207739,2292.88149688,2348.79417879,2352.75259875,2386.89397089,2391.84199584,2459.62993763,2463.58835759,2467.05197505,2579.06188119,2587.3960396,2659.1980198,2682.91831683,2688.68811881,2729.07673267,2733.72127139,2823.91198044,2889.22249389,-1,-1,-1,-1,
acidic amino acid::0.0::9350,::2853.84596577,
bonds::0.0::1960,::423.694501018,2467.54677755,2729.71782178,2734.11002445,2824.3007335,3062.78285714,-1,-1,
rna::0.0::860,1080,1300,1520,1740,::271.09375,302.47265625,325.1953125,337.09765625,362.279022403,377.549898167,
side chains vary::0.0
amino acids and proteins::0.0::380,::91.4765625,
carbonyl group::0.0
words::0.0
acidic::0.0::7700,::1487.96932515,1521.17391304,1671.69293478,1674.31521739,1812.87537994,1861.79027356,2853.84596577,2943.03968254,3156.63714286,
peptide bonds::0.0::1960,::423.362525458,2467.05197505,2729.07673267,2733.72127139,2823.91198044,-1,-1,
unique::0.583333333333::860,1080,1300,1520,1740,::399.128309572,565.117647059,811.108108108,851.206896552,907.569620253,917.037974684,954.911392405,1381.84969325,1879.5775076,2069.64285714,2464.57796258,3151.13428571,
functions biological molecules::0.0
pro le lle lle::0.0
metabolism::0.0::380,::71.4782608696,161.80859375,
transmission::0.0::860,::306.80078125,
proteins::0.647058823529::380,1960,2180,2400,::94.72265625,418.714867617,420.374745418,515.8671875,530.046875,1111.97468354,2053.26190476,2067.5952381,2125.95238095,2227.78486056,2277.04781705,2281.00623701,2421.03534304,2720.10148515,3025.18650794,3047.17857143,3069.81428571,
conformation usually determined::0.0
common::0.133333333333::1190,::171.546875,467.515274949,492.413441955,540.6171875,959.924050633,1220.66257669,1233.85582822,1451.83128834,1548.9701087,1768.40729483,1908.57692308,2231.60956175,2737.99755501,3134.32,3135.84857143,
mapped::0.0
biological::0.0::380,::83.90234375,
special reference::0.0::380,::157.48046875,
side::0.188679245283::1960,2180,2400,::461.207739308,499.052953157,531.59375,546.764705882,559.470588235,629.810810811,848.034482759,852.206896552,855.310344828,856.75862069,857.103448276,857.75862069,942.658227848,992.784810127,1080.78481013,1088.58227848,1173.05214724,1182.23006135,1202.8803681,1225.25153374,1228.1196319,1230.98773006,1444.94785276,1459.28834356,1473.05521472,1483.3803681,1555.78804348,1557.88586957,1566.27717391,1697.25835866,1701.06990881,1706.15197568,1713.13981763,1792.54711246,1898.96153846,2232.32669323,2233.12350598,2238.45322245,2335.92931393,2367.5966736,2372.04989605,2414.6029106,2539.31435644,2870.56234719,2873.67237164,2915.22619048,3057.89142857,3060.64285714,3065.22857143,3115.36571429,3128.81714286,3148.07714286,-1,
determined by side chain::0.0
carbon atom::0.0::1960,::416.059063136,436.973523422,442.285132383,481.126272912,489.425661914,582.378378378,3118.72857143,3119.95142857,3122.70285714,
properties of amino::0.0::3600,::3076.84571429,
bioenergetics with special::0.0::380,::155.31640625,
reference::0.0::380,::158.5625,
sequence::0.0::860,::401.784114053,404.771894094,2398.76923077,2445.28066528,2714.97277228,2718.81930693,2770.26405868,2775.31784841,2797.47677262,-1,-1,-1,
acids and their components::0.0::380,::121.7734375,
principles::0.0::380,::153.15234375,
acid side chains::0.0
lle pro::0.0
nucleic::0.5::380,::120.69140625,369.914460285,
books::0.0::380,::163.97265625,173.7109375,
amino group::0.0::1960,::446.600814664,448.924643585,471.49898167,494.737270876,518.703125,659.324324324,727.837837838,843.783783784,1621.86956522,1769.67781155,1776.03039514,2230.89243028,3126.98285714,
hydrophobicity::0.0::4710,::2957.26984127,-1,
thc central dogma::0.0
acid::0.103896103896::1960,4120,::411.079429735,452.908350305,462.867617108,473.15885947,476.146639511,546.411764706,553.823529412,571.117647059,622.432432432,666.702702703,760.513513514,813.216216216,849.103448276,849.379310345,849.724137931,850.379310345,852.103448276,868.582278481,910.35443038,957.696202532,1040.6835443,1120.32911392,1154.69631902,1223.53067485,1349.15337423,1352.02147239,1366.36196319,1386.43865031,1391.60122699,1427.7392638,1452.97852761,1507.53804348,1512.25815217,1516.45380435,1526.41847826,1531.13858696,1545.29891304,1568.375,1579.38858696,1607.18478261,1665.92391304,1781.74772036,1815.41641337,1909.53846154,2035.85714286,2331.97089397,2362.64864865,2367.1018711,2398.27442827,2431.92099792,2434.88981289,2443.3014553,2598.93564356,2622.65594059,2633.55445545,2670.73762376,2718.17821782,2751.99266504,2784.2591687,2803.69682152,2805.6405868,2854.62347188,2855.400978,2857.73349633,2864.73105134,2924.92857143,2956.62301587,2960.50396825,2991.5515873,3034.24206349,3068.59142857,3089.07428571,-1,-1,-1,-1,-1,
special::0.0::380,::157.48046875,
basic::0.0::8580,::1680.08423913,1683.75543478,1780.47720365,1814.14589666,1865.60182371,2595.73019802,2856.95599022,2944.98015873,3157.24857143,
phe tyr::0.0
vitamins::0.0::380,::114.19921875,
nucleic acids::0.5::380,::120.69140625,369.914460285,
size::0.2::2840,::534.171875,543.7109375,2044.04761905,2921.04761905,-1,
lle lle pro::0.0
incorporated into proteins::0.0::2620,::515.3515625,529.53125,
carbohydrates and lipids::0.0::380,::117.4453125,
absorb::0.0::440,::2113.66666667,2117.76190476,2141.30952381,3017.42460317,
lecture::1.0::180,::60.0,
chains distinguish::0.0
chains::0.0588235294118::1960,::531.8515625,855.344827586,856.793103448,993.341772152,1173.62576687,1182.80368098,1203.45398773,1473.62883436,1483.95398773,1697.89361702,1713.77507599,1899.15384615,2915.87301587,3060.94857143,3065.53428571,3115.67142857,-1,
val ala::0.0
storage transmission::0.0
biology::0.0::860,::201.84375,244.04296875,264.6015625,
dogma of biology::0.0::860,::241.87890625,262.4375,
acid side chains vary::0.0
conformation::0.0::4930,5150,5370,5810,::3084.18285714,
books stryer::0.0
size and shape::0.0::4490,::2921.04761905,
lle pro val::0.0
pro val ala::0.0
distinguish::0.0::1960,::2528.41584158,
carbon::0.0::1960,::416.059063136,436.973523422,442.285132383,481.126272912,483.118126273,489.425661914,580.27027027,582.378378378,855.068965517,947.670886076,981.088607595,998.911392405,1256.22699387,1268.27300613,1271.14110429,1274.00920245,1286.62883436,1370.37730061,2257.25571726,3118.72857143,3119.95142857,3122.70285714,-1,
properties of amino acids::0.0::3600,::3076.84571429,
properties::0.0::3600,::543.1953125,1443.22699387,1810.3343465,1852.26139818,2070.66666667,2911.99206349,3010.30952381,3076.84571429,3114.44857143,3139.82285714,-1,
lle lle pro val::0.0
imino acid::0.0::4120,::850.344827586,852.068965517,
central::0.0::860,::240.796875,261.35546875,436.641547862,441.953156823,480.794297352,489.093686354,581.324324324,3118.42285714,
amino acid side::0.0::2840,::546.058823529,
structures and functions biological::0.0
val ala ala::0.0
tyr trp::0.0
incorporated::0.0::2620,::515.3515625,529.53125,
trp::0.0
hydrophobic::0.0::9350,::854.310344828,854.517241379,854.620689655,856.379310345,1002.81012658,1153.54907975,1196.57055215,1858.61398176,2990.25793651,3153.58,-1,-1,
composed::0.0
common amino acids::0.0::1190,::540.6171875,3134.32,3135.84857143,
aromatic amino acids::0.0::9580,::1873.86018237,1877.03647416,1899.92307692,1986.71428571,2073.73809524,2089.0952381,2097.28571429,2220.05577689,2226.50996016,3000.60714286,3159.08285714,
amino acid::0.0714285714286::1960,::410.747454175,462.535641548,475.814663951,546.058823529,553.470588235,570.764705882,621.378378378,759.459459459,812.162162162,849.344827586,868.025316456,909.797468354,957.139240506,1040.12658228,1119.7721519,1154.12269939,1222.95705521,1348.5797546,1351.44785276,1365.78834356,1385.86503067,1391.02760736,1427.16564417,1452.40490798,1781.11246201,1814.78115502,1909.34615385,2034.83333333,2331.47609148,2362.15384615,2397.77962578,2434.3950104,2442.80665281,2598.29455446,2622.01485149,2632.91336634,2670.09653465,2717.53712871,2751.60391198,2783.87041565,2803.30806846,2805.25183374,2854.23471883,2857.34474328,2924.28174603,2955.97619048,2959.85714286,2990.9047619,3033.5952381,3068.28571429,3088.76857143,-1,-1,-1,-1,-1,
letters::0.0::860,1080,1300,1520,1740,::350.32790224,352.319755601,357.299389002,379.209775967,399.460285132,431.3299389,
consist of amino::0.0::1960,::420.706720978,
ala ala ala::0.0
bioenergetics::0.0::380,::70.9565217391,155.31640625,
aaa ga ga tag::0.0
acids and proteins::0.0::380,::92.55859375,
letter code::0.133333333333::1190,1410,1630,1850,2070,2290,::388.17311609,392.488798371,396.140529532,552.058823529,555.235294118,857.344827586,857.586206897,1910.30769231,1912.03846154,2841.79462103,2843.73838631,2845.68215159,2880.66992665,-1,-1,
aromaticity::0.0::4930,::2998.66666667,-1,
amino::0.0943613348677::180,1960,2180,2400,2840,1190,1410,1630,1850,2070,2290,::60.0,91.4765625,404.107942974,410.747454175,421.370672098,434.981670061,446.600814664,448.924643585,462.535641548,468.511201629,471.49898167,475.814663951,491.085539715,494.737270876,505.692464358,514.0625,518.703125,528.7578125,540.875,546.058823529,553.470588235,565.470588235,570.764705882,621.378378378,659.324324324,680.405405405,727.837837838,759.459459459,798.459459459,812.162162162,843.783783784,849.344827586,851.068965517,852.689655172,854.137931034,854.344827586,854.551724138,854.655172414,854.793103448,868.025316456,909.797468354,957.139240506,1040.12658228,1048.48101266,1067.97468354,1072.43037975,1119.7721519,1127.16257669,1154.12269939,1207.46932515,1222.95705521,1339.40184049,1348.5797546,1351.44785276,1365.78834356,1385.86503067,1391.02760736,1427.16564417,1452.40490798,1470.7607362,1488.54294479,1521.69836957,1550.54347826,1621.86956522,1672.2173913,1674.83967391,1680.60869565,1684.2798913,1769.67781155,1776.03039514,1781.11246201,1814.78115502,1831.29787234,1840.19148936,1856.07294833,1859.24924012,1862.42553191,1866.23708207,1871.31914894,1874.49544073,1877.67173252,1893.55319149,1900.11538462,1909.34615385,1967.26190476,1987.73809524,2034.83333333,2074.76190476,2090.11904762,2098.30952381,2220.13545817,2224.67729084,2226.58964143,2229.69721116,2230.89243028,2231.84860558,2271.6049896,2331.47609148,2339.39293139,2346.32016632,2362.15384615,2371.55509356,2380.46153846,2397.77962578,2404.70686071,2428.45738046,2434.3950104,2442.80665281,2500.20792079,2598.29455446,2622.01485149,2632.91336634,2648.94059406,2670.09653465,2717.53712871,2722.66584158,2739.55256724,2751.60391198,2783.87041565,2803.30806846,2805.25183374,2854.23471883,2857.34474328,2899.70238095,2913.93253968,2924.28174603,2955.97619048,2959.85714286,2990.9047619,3001.25396825,3011.6031746,3033.5952381,3068.28571429,3077.45714286,3080.51428571,3088.76857143,3111.08571429,3112.92,3116.58857143,3126.98285714,3134.62571429,3136.15428571,3141.96285714,3142.88,3151.44,3153.88571429,3155.41428571,3157.55428571,3159.38857143,-1,-1,-1,-1,-1,-1,-1,-1,-1,
amino acids::0.325581395349::180,1960,2180,2400,::60.0,91.4765625,404.107942974,421.370672098,434.981670061,468.511201629,491.085539715,505.692464358,514.0625,528.7578125,540.875,565.470588235,680.405405405,798.459459459,851.068965517,852.689655172,854.137931034,854.344827586,854.551724138,854.655172414,854.793103448,1048.48101266,1067.97468354,1072.43037975,1127.16257669,1207.46932515,1339.40184049,1470.7607362,1488.54294479,1521.69836957,1550.54347826,1672.2173913,1674.83967391,1680.60869565,1684.2798913,1831.29787234,1840.19148936,1856.07294833,1859.24924012,1862.42553191,1866.23708207,1871.31914894,1874.49544073,1877.67173252,1893.55319149,1900.11538462,1967.26190476,1987.73809524,2074.76190476,2090.11904762,2098.30952381,2220.13545817,2224.67729084,2226.58964143,2229.69721116,2231.84860558,2271.6049896,2346.32016632,2380.46153846,2404.70686071,2500.20792079,2648.94059406,2722.66584158,2739.55256724,2899.70238095,2913.93253968,3001.25396825,3011.6031746,3077.45714286,3080.51428571,3111.08571429,3112.92,3116.58857143,3134.62571429,3136.15428571,3141.96285714,3142.88,3151.44,3153.88571429,3155.41428571,3157.55428571,3159.38857143,-1,-1,-1,-1,
dna::0.0::860,1080,1300,1520,1740,::253.78125,254.86328125,268.9296875,282.99609375,290.5703125,336.015625,349.0,359.291242363,376.885947047,
glycine::0.0::9350,::562.647058824,563.705882353,569.352941176,587.648648649,632.972972973,851.344827586,1846.54407295,2479.0519802,2483.53960396,2491.23267327,2523.92821782,2580.98514851,2848.79217604,2862.78728606,2872.11735941,3152.05142857,
val::0.0
imino::0.0::4120,::850.344827586,852.068965517,
lle lle::0.0
zwitterion::0.0::3680,::783.702702703,
coenzymes::0.0::380,::116.36328125,
tyr::0.0
aromatic amino::0.0::9580,::1873.86018237,1877.03647416,1899.92307692,1986.71428571,2073.73809524,2089.0952381,2097.28571429,2220.05577689,2226.50996016,3000.60714286,3032.9484127,3159.08285714,
pro val::0.0
structures::0.0::380,::68.6086956522,79.57421875,1829.39209726,-1,
dna rna::0.0::860,::336.015625,
amino acid side chains::0.0
pro val ala ala::0.0
medium::0.0::860,1080,1300,1520,1740,::259.19140625,295.98046875,307.8828125,
phe tyr trp::0.0
form::0.2::2620,2840,::526.953125,527.984375,756.297297297,766.837837838,850.827586207,852.931034483,1147.81288344,2276.55301455,2314.15800416,2385.9043659,2489.95049505,2586.11386139,2650.86386139,3090.29714286,-1,
differences::0.0
biological molecules::0.0::380,::83.90234375,
dogma::0.0::860,::241.87890625,262.4375,
amino acids an incorporated::0.0
atom::0.0::1960,::416.391038697,437.305498982,442.617107943,466.187372709,481.458248473,489.757637475,496.065173116,521.5390625,574.294117647,577.108108108,583.432432432,585.540540541,740.486486486,851.620689655,887.518987342,896.987341772,1011.72151899,1016.73417722,1030.65822785,1079.11392405,1278.02453988,1395.61656442,1406.51533742,1415.1196319,1480.51226994,2231.37051793,3119.03428571,3120.25714286,3123.00857143,3126.37142857,
relative position::0.0
common amino::0.0::1190,::540.6171875,1451.83128834,3134.32,3135.84857143,
determined by side::0.0
relative::0.0
basic amino acids::0.0::8580,::1680.08423913,1683.75543478,1865.60182371,3157.24857143,
aaa::0.0
central carbon atom::0.0::1960,::436.641547862,441.953156823,480.794297352,489.093686354,581.324324324,3118.42285714,
consist::0.0::1960,::420.706720978,
letters gets mapped::0.0
proteins consist of amino::0.0::1960,::420.374745418,
cat::0.0
ccu::0.0
tag gt cat::0.0
chains vary::0.0
voet::0.0::380,600,::179.12109375,181.28515625,
light::0.0::440,::2115.71428571,2120.83333333,2143.35714286,3018.71825397,3024.53968254,
acid consists::0.0
text composed::0.0
pro le lle::0.0
adopt::0.0::5150,::3083.26571429,
basic amino::0.0::8580,::1680.08423913,1683.75543478,1780.47720365,1814.14589666,1865.60182371,2856.95599022,3157.24857143,
pro::0.0
central carbon::0.0::1960,::436.641547862,441.953156823,480.794297352,489.093686354,581.324324324,3118.42285714,
acid side::0.0::2840,::546.411764706,2367.1018711,
adopt a particular conformation::0.0::5150,::3083.26571429,
central dogma of biology::0.0::860,::240.796875,261.35546875,
carbohydrate::0.0::380,::160.7265625,
tag::0.0
acids an incorporated::0.0
dna aaa::0.0
protein::0.125::860,1080,1300,1520,1740,::273.2578125,331.6875,339.26171875,382.861507128,385.185336049,397.136456212,401.452138493,1115.3164557,1118.10126582,1160.43251534,1179.36196319,1464.45092025,1824.3100304,2079.88095238,2165.88095238,2179.19047619,2189.42857143,2210.92857143,2215.83266932,2217.02788845,2219.25896414,2221.01195219,2222.28685259,2224.99601594,2394.81081081,2444.78586279,2447.25987526,2465.56756757,2702.1509901,2714.33168317,2769.87530562,2774.92909535,2797.08801956,2893.23412698,2903.58333333,2935.92460317,2941.09920635,2970.8531746,2986.37698413,2998.01984127,3087.24,-1,-1,-1,-1,-1,-1,-1,
linked::0.0::1960,::422.698574338,837.459459459,848.413793103,2284.96465696,2287.43866944,2289.41787942,2347.30977131,2406.19126819,2458.14553015,2656.63366337,2693.81683168,2726.51237624,2732.55501222,2753.93643032,2760.93398533,2800.97555012,2850.73594132,2852.6797066,2855.78973105,3061.56,3123.62,-1,-1,
relative position in protein::0.0
functions::0.0::380,::69.1304347826,81.73828125,
biochemistry::0.166666666667::380,::60.0,61.3043478261,67.8260869565,172.62890625,204.0078125,2228.10358566,
carbohydrates::0.0::380,::117.4453125,
storage::0.0::860,::258.109375,294.8984375,
aromatic::0.0::9580,::1873.86018237,1877.03647416,1888.47112462,1899.92307692,1927.33333333,1986.71428571,2073.73809524,2089.0952381,2097.28571429,2220.05577689,2226.50996016,3000.60714286,3032.9484127,3159.08285714,
acidic amino acids::0.0::7700,::1487.96932515,1521.17391304,1671.69293478,1674.31521739,1861.79027356,
stryer::0.0::380,::176.95703125,
vitamins and coenzymes::0.0::380,::114.19921875,
central dogma::0.0::860,::240.796875,261.35546875,
side chains::0.0588235294118::1960,::531.59375,855.310344828,856.75862069,992.784810127,1173.05214724,1182.23006135,1202.8803681,1473.05521472,1483.3803681,1697.25835866,1713.13981763,1898.96153846,2915.22619048,3060.64285714,3065.22857143,3115.36571429,-1,
proline::0.0::9350,::563.352941176,564.411764706,815.324324324,849.413793103,850.862068966,851.862068966,1847.81458967,3152.66285714,
phe pro::0.0
amino acids linked::0.0::1960,::2346.32016632,
absorb uv light::0.0::440,::2141.30952381,3017.42460317,
dna rna protein::0.0
val ala ala ala::0.0
side chains distinguish::0.0
phe pro le lle::0.0
rna ccu::0.0
phe::0.0::860,::1911.26923077,
proteins consist::0.0::1960,::420.374745418,
letter::0.266666666667::860,1190,1410,1630,1850,2070,2290,::388.17311609,392.488798371,396.140529532,552.058823529,555.235294118,857.344827586,857.586206897,1910.30769231,1912.03846154,2841.79462103,2843.73838631,2845.68215159,2880.66992665,-1,-1,
structures and functions::0.0::380,::68.6086956522,79.57421875,
form d form::0.0
carbonyl::0.0
mapped into sequence::0.0
ala ala::0.0
enzymes::0.0::380,::95.8046875,97.96875,106.625,1436.34355828,
carbohydrate metabolism::0.0::380,::160.7265625,
acids::0.460674157303::180,380,600,1960,2180,2400,::60.0,92.55859375,121.7734375,370.246435845,404.439918534,421.702647658,435.313645621,468.843177189,491.417515275,506.024439919,514.3203125,529.015625,541.1328125,565.823529412,681.459459459,799.513513514,851.103448276,852.724137931,854.172413793,854.379310345,854.586206897,854.689655172,854.827586207,1049.03797468,1068.53164557,1072.98734177,1127.73619632,1208.04294479,1339.97546012,1471.33435583,1489.11656442,1522.22282609,1525.36956522,1551.06793478,1672.74184783,1675.36413043,1681.13315217,1684.80434783,1831.9331307,1840.82674772,1856.70820669,1859.88449848,1863.06079027,1866.87234043,1871.95440729,1875.13069909,1878.30699088,1894.18844985,1900.30769231,1968.28571429,1988.76190476,2075.78571429,2091.14285714,2099.33333333,2220.21513944,2224.75697211,2226.66932271,2229.77689243,2231.92828685,2272.0997921,2346.81496881,2380.95634096,2405.2016632,2500.8490099,2649.58168317,2723.30693069,2739.94132029,2900.34920635,2914.57936508,3001.90079365,3012.25,3077.76285714,3080.82,3111.39142857,3113.22571429,3116.89428571,3134.93142857,3136.46,3142.26857143,3143.18571429,3151.74571429,3154.19142857,3155.72,3157.86,3159.69428571,-1,-1,-1,-1,
principles of bioenergetics::0.0::380,::153.15234375,
differences in side::0.0
text::0.0::860,::277.5859375,
components::0.0::380,::125.01953125,
position::0.0
thc::0.0
consist of amino acids::0.0::1960,::420.706720978,
