minimum height::0.0::2810,::1500.11801242,1552.80645161,
educational technology services centre::0.0
query::0.0::4160,::1909.88864143,
expressions::0.0::1640,::773.4,
children::0.291666666667::470,1050,::91.9848812095,94.2008639309,94.5118790497,94.6025917927,96.4816414687,96.5853131749,96.9611231102,143.290816327,152.979591837,276.780612245,518.337209302,577.933333333,583.8,585.666666667,587.533333333,589.533333333,590.2,794.4,924.720930233,927.627906977,963.674418605,967.6875,982.875,986.25,992.4375,1005.375,1008.1875,1014.9375,1020.37117904,1021.930131,1297.80213904,1956.80645161,1973.25806452,1993.0,2001.22580645,2019.32258065,2065.38709677,2258.61945032,2259.5179704,2262.93234672,2265.80761099,2272.81606765,2274.43340381,2276.58985201,2283.23890063,2291.86469345,2300.49048626,-1,
data structures for trees::1.0::210,::88.6515151515,
binary trees::0.142857142857::210,::87.2424242424,667.578947368,772.8,886.184713376,914.255813953,1517.11180124,-1,
generic container methods::0.0::3920,::1863.90200445,
nodes::0.0357142857143::640,1930,2150,2810,2950,3300,3320,3370,3420,3720,3760,3770,::96.3261339093,96.8833693305,110.994897959,156.209183673,622.754545455,947.976744186,1006.5,1025.04803493,1032.17467249,1034.47598253,1035.58951965,1037.9650655,1038.18777293,1039.67248908,1040.7860262,1042.6419214,1043.75545852,1045.90829694,1048.3580786,1053.0349345,1060.23863636,1066.47727273,1085.19318182,1116.38636364,1209.96590909,1263.19417476,1267.99029126,1273.52427184,1287.51336898,1389.69724771,1395.09756098,1404.24390244,1409.36585366,1413.02439024,1430.71311475,1433.59016393,1436.46721311,1442.22131148,1457.8852459,1481.7826087,1491.17391304,1506.37888199,1514.8757764,1518.90062112,1541.12096774,1552.25,1610.20253165,1621.27848101,1630.13924051,1637.67088608,1639.93023256,1641.26744186,1643.94186047,1644.98837209,1646.5,1647.02325581,1648.30232558,1649.58139535,1649.81395349,1649.98837209,1651.38372093,1653.53488372,1657.25581395,1675.40517241,1685.72413793,1706.90517241,1729.71551724,1755.78448276,1761.21551724,1777.50862069,1795.97413793,1830.73275862,1856.56792873,1865.28953229,1897.20267261,2007.80645161,2035.77419355,
leaves are at level::0.0::1930,::1029.79912664,
unboundedtree::0.0
level::0.0::1930,2150,::132.525510204,141.137755102,149.75,159.43877551,163.744897959,175.586734694,185.275510204,193.887755102,199.270408163,214.341836735,238.025510204,250.943877551,943.906976744,1023.71179039,1024.52838428,1024.82532751,1025.12227074,1025.34497817,1027.49781659,1030.02183406,1030.68995633,1031.65502183,1034.77292576,1035.21834061,1037.66812227,1370.64220183,1382.32110092,1385.39449541,1404.97560976,1409.73170732,1424.63934426,1425.91803279,1428.47540984,1431.35245902,
team::0.0
representing rooted::0.0
rooted trees::0.0
video::0.0
recursive definition of binary::0.0
sub::0.0::1390,3420,::352.030769231,451.882352941,460.852941176,465.338235294,557.416666667,716.526315789,719.052631579,725.684210526,726.947368421,729.157894737,730.105263158,735.7,740.88,754.2,755.31,757.9,761.97,765.3,770.4,803.4,1647.43023256,1647.8372093,1648.76744186,1649.11627907,1649.40697674,1650.27906977,1651.73255814,1652.13953488,1653.76744186,1656.55813953,1656.84883721,1658.12790698,1660.68604651,1661.03488372,2141.06451613,
indian::0.0
binary tree::0.0987654320988::1050,1390,2680,2810,2950,3100,3110,3120,3720,3760,3770,4660,::579.533333333,584.866666667,598.227272727,605.972727273,610.490909091,634.372727273,640.181818182,665.354545455,688.105263158,702.0,704.210526316,705.789473684,714.0,721.263157895,776.8,784.6,817.700636943,910.186046512,932.279069767,940.418604651,971.625,1020.9650655,1022.30131004,1023.11790393,1031.28384279,1033.2139738,1041.82532751,1042.27074236,1048.13537118,1052.73799127,1053.92576419,1256.18446602,1266.51456311,1291.12834225,1292.79679144,1294.18716578,1301.13903743,1302.80748663,1305.03208556,1312.81818182,1320.04812834,1323.38502674,1342.36697248,1347.28440367,1350.35779817,1358.96330275,1363.26605505,1368.79816514,1380.47706422,1396.19512195,1398.3902439,1414.48780488,1415.95121951,1437.10655738,1456.60655738,1464.78881988,1469.70807453,1472.83850932,1479.09937888,1487.14906832,1501.9068323,1504.59006211,1513.53416149,1547.7983871,1549.46774194,1572.83870968,1585.08064516,1611.53164557,1689.52586207,1732.43103448,1754.15517241,1816.61206897,1823.12931034,1839.42241379,2127.90322581,2204.77310924,2207.57142857,2239.57082452,2254.48625793,2317.02325581,2318.46088795,
indian institute of technology::0.0
rightchild::0.0
arithmetic expressions::0.0::1640,::773.2,
degree::0.0::800,::269.244897959,283.239795918,288.62244898,294.005102041,299.387755102,
stmt::0.0
accessor::0.0
obtained::0.0::2680,::731.684210526,804.0,1397.29268293,1522.47826087,
container methods position::0.0
institute::0.0
leaves::0.0427807486631::550,1930,2150,3240,3300,3320,3370,3420,3720,3760,3770,::95.7559395248,96.0410367171,99.1530612245,297.234693878,587.933333333,589.0,784.0,997.5,1029.79912664,1030.3930131,1033.06550218,1039.96943231,1041.08296943,1042.93886463,1044.79475983,1049.76855895,1050.58515284,1052.44104803,1070.63636364,1143.42045455,1230.76136364,1242.16504854,1259.50485437,1284.73262032,1583.41129032,1590.64516129,1595.09677419,1602.88709677,1613.74683544,1616.84810127,1624.37974684,1642.31395349,1656.3255814,1657.48837209,1658.41860465,1659.87209302,1660.39534884,1661.38372093,1663.47674419,1669.97413793,1681.37931034,1693.87068966,1697.12931034,1727.0,1741.12068966,1757.95689655,1772.07758621,1784.56896552,1800.86206897,1809.00862069,1825.84482759,
parent binary::0.0
unix::0.0::1000,::428.558823529,
total::0.0::1930,::1043.53275109,1286.67914439,1411.92682927,1659.69767442,1661.20930233,
sanjay::0.0
technology services::0.0
node are ordered::0.0::1050,::519.127906977,
query methods::0.0::4160,::1909.88864143,
iit::0.0
total no of nodes::0.0
truefor::0.0
kumar::0.0
root node::0.0::240,::854.082802548,1652.48837209,1653.01162791,2224.98319328,2244.06342495,
generic container::0.0::3920,::1863.90200445,
ritu chaudhary::0.0
root::0.269230769231::240,::91.3758099352,91.596112311,91.6479481641,91.8812095032,95.8596112311,137.908163265,146.520408163,445.602941176,711.473684211,800.6,854.082802548,1492.96273292,1652.48837209,1653.01162791,1911.47438753,1920.59242762,1921.38530067,1923.56570156,1927.92650334,1928.91759465,1930.10690423,1931.09799555,1932.48552339,2224.98319328,2225.91596639,2244.06342495,
proof::0.0::3300,::1334.37614679,1664.0,1666.71551724,
container methods::0.0::3920,4160,4220,::1864.10022272,1871.43429844,
minimum::0.0::2810,::1500.11801242,1507.72049689,1552.80645161,1589.53225806,1848.11206897,
educational technology::0.0
services centre::0.0
educational::0.0
recursive::0.0::1390,::702.631578947,730.736842105,
binary tree of height::0.0::2810,::1033.2139738,1256.18446602,1320.04812834,1363.26605505,
positional::0.0
leftchild::0.0
ancestor::0.0::320,::92.6457883369,92.7494600432,92.879049676,93.2807775378,95.2505399568,
parent unboundedtree::0.0
examples of binary::0.0::1640,::772.4,
generic::0.0::3920,::96.2613390929,1860.92873051,1863.90200445,2122.96774194,
algorithms::0.0
definitions::0.25::220,::101.306122449,491.086956522,505.173913043,513.197674419,
leftchild binary::0.0
hierarchy::0.0::860,::319.630769231,
a b c h::0.0
produced::0.0
pointer::0.0
stmt is truefor tree::0.0
rightchild binary tree::0.0
descendants::0.0
ram sharma::0.0
tree left sub tree::0.0
represents::0.0
nodes in the left::0.0
ordered tree::0.0::1050,::579.133333333,580.066666667,582.466666667,
leftchild unboundedtree::0.0
unbounded branching::0.0
container::0.0::3920,4160,4220,::1864.10022272,1871.43429844,
right sub::0.0::1390,::718.736842105,726.631578947,729.789473684,735.33,754.94,761.6,1648.70930233,1650.22093023,1652.08139535,1653.70930233,1660.97674419,
lecture::0.0
size::0.0::3920,::1864.69487751,
induction::0.0::3300,::1634.56962025,1635.01265823,1654.11627907,1656.03488372,
internal nodes::0.0::640,3300,3320,3370,3420,::109.918367347,1034.40174672,1039.59825328,1040.71179039,1042.56768559,1045.83406114,1083.11363636,1262.82524272,1609.75949367,1620.83544304,1629.69620253,1637.2278481,1639.87209302,1641.20930233,1643.88372093,1644.93023256,1646.44186047,1646.96511628,1648.24418605,1649.52325581,1649.93023256,1651.3255814,1653.47674419,1657.19767442,1674.86206897,1685.18103448,1706.36206897,1729.17241379,1760.67241379,1776.96551724,1795.43103448,
isempty::0.0
node the root::0.0::1390,::135.755102041,
truefor tree::0.0
definition::0.0::1390,::1031.06113537,
sherban::0.0
recursive definition::0.0
complete binary::0.0333333333333::1930,::909.604651163,931.697674419,939.837209302,971.0625,1020.89082969,1022.22707424,1023.04366812,1033.13973799,1041.7510917,1042.19650655,1048.06113537,1052.66375546,1053.85152838,1255.81553398,1266.14563107,1292.51871658,1300.86096257,1304.7540107,1323.10695187,1346.66972477,1349.74311927,1368.18348624,1398.02439024,1414.12195122,1469.26086957,1472.39130435,1486.70186335,1688.98275862,1731.88793103,1838.87931034,
left sub tree::0.0::1390,::716.210526316,725.368421053,728.842105263,740.51,753.83,757.53,764.93,770.2,1647.37209302,1649.05813953,1651.6744186,1656.5,1656.79069767,1660.62790698,
rooted::0.0
definition of binary tree::0.0
definition of binary::0.0
data::0.1::150,::88.6515151515,1859.54120267,1862.71269488,1873.41648107,1880.155902,2103.22580645,2205.70588235,2208.3487395,2213.78991597,2261.13530655,
system::0.0::1000,::423.176470588,477.0,
parent node::0.0::4490,::1953.51612903,
structures::1.0::150,::89.1212121212,
unboundedtrees::0.0
representing::0.0::4660,::677.684210526,692.526315789,810.210191083,812.350318471,
methods root::0.0::4220,::1920.39420935,
methods size::0.0
tree::0.209842995169::750,1050,1390,1930,2150,2680,2810,2950,3100,3110,3120,3320,3370,3420,3720,3760,3770,4660,::91.0388768898,91.1166306695,91.181425486,91.777537797,91.8293736501,95.4967602592,96.3650107991,233.719387755,244.484693878,259.556122449,367.815384615,372.8,420.485294118,438.426470588,486.391304348,517.348837209,528.023255814,528.813953488,546.972222222,578.6,579.266666667,579.666666667,580.2,582.6,585.0,598.872727273,606.618181818,611.136363636,635.018181818,640.827272727,666.0,688.421052632,702.315789474,704.526315789,706.105263158,714.315789474,716.842105263,719.368421053,721.578947368,726.0,727.263157895,729.473684211,730.421052632,741.25,754.57,755.68,758.27,762.34,765.67,770.6,777.0,784.8,792.6,800.2,803.6,806.6,818.23566879,838.566878981,843.917197452,895.069767442,910.76744186,920.069767442,932.860465116,938.674418605,941.0,972.1875,987.9375,995.25,1021.03930131,1022.37554585,1023.19213974,1026.31004367,1026.97816594,1029.4279476,1031.3580786,1033.28820961,1041.89956332,1042.34497817,1043.97816594,1047.54148472,1048.20960699,1048.87772926,1049.99126638,1052.81222707,1054.0,1110.14772727,1128.86363636,1252.49514563,1256.55339806,1266.88349515,1272.41747573,1279.17112299,1283.62032086,1289.73796791,1291.40641711,1293.07486631,1294.46524064,1295.57754011,1301.4171123,1303.0855615,1305.31016043,1313.09625668,1315.87700535,1320.32620321,1323.6631016,1342.98165138,1347.89908257,1350.97247706,1359.57798165,1363.88073394,1369.41284404,1381.09174312,1396.56097561,1398.75609756,1414.85365854,1416.31707317,1437.42622951,1441.26229508,1450.21311475,1456.92622951,1465.23602484,1470.1552795,1473.28571429,1474.62732919,1479.54658385,1487.59627329,1502.35403727,1505.03726708,1513.98136646,1548.35483871,1550.02419355,1573.39516129,1585.63709677,1604.44303797,1611.97468354,1625.70886076,1639.23255814,1639.58139535,1646.26744186,1646.79069767,1647.48837209,1648.8255814,1649.1744186,1650.3372093,1651.79069767,1652.19767442,1653.8255814,1656.61627907,1656.90697674,1658.18604651,1660.74418605,1661.09302326,1677.57758621,1690.06896552,1704.18965517,1732.97413793,1738.94827586,1754.69827586,1791.0862069,1817.15517241,1823.67241379,1832.36206897,1839.96551724,1849.74137931,1855.97327394,1866.08240535,1866.67706013,1870.0467706,1878.96659243,1886.49888641,1888.28285078,1893.43652561,1896.21158129,1897.79732739,1912.06904232,2129.5483871,2150.93548387,2180.5483871,2204.92857143,2207.72689076,2239.75052854,2254.66596195,2317.20295983,2318.64059197,
educational technology services::0.0
institute of technology::0.0
ram::0.0
head::0.0::5180,::2280.00422833,
yad ram::0.0
mishra::0.0
nodes has k internal::0.0
contents::0.0::920,::377.784615385,
generic container methods size::0.0
internal::0.0571428571429::640,1930,2150,3300,3320,3370,3420,3720,3760,3770,::109.918367347,122.836734694,709.894736842,785.4,793.4,795.6,984.0,1020.07423581,1021.55895197,1034.40174672,1039.59825328,1040.71179039,1042.56768559,1045.83406114,1083.11363636,1262.82524272,1609.75949367,1620.83544304,1629.69620253,1637.2278481,1639.87209302,1641.20930233,1643.88372093,1644.93023256,1646.44186047,1646.96511628,1647.95348837,1648.24418605,1649.52325581,1649.93023256,1651.3255814,1653.47674419,1657.19767442,1662.8372093,1674.86206897,1685.18103448,1706.36206897,1729.17241379,1760.67241379,1776.96551724,1795.43103448,1914.05122494,
centre::0.0
organization::0.0::860,::322.123076923,
services::0.0
branching::0.0
container methods size isempty::0.0
table of contents::0.0::920,::376.123076923,
indian institute::0.0
tree has n nodes::0.0::2950,::1441.26229508,
application specific::0.0::4470,::2113.09677419,
obtained when every node::0.0::3110,::1522.47826087,
positional container methods position::0.0
rightsibling::0.0
trees::0.541666666667::160,210,2140,4660,::82.5454545455,87.7121212121,90.0606060606,91.4665226782,95.5874730022,95.7948164147,313.815384615,558.287037037,667.894736842,713.684210526,736.07,773.0,813.955414013,883.50955414,886.719745223,914.837209302,1517.55900621,1643.30232558,1644.52325581,1846.48275862,2256.10359408,2256.82241015,-1,-1,
height of a binary::0.0
tree of n nodes::0.0
tree left::0.0::1390,::2317.20295983,
leftchild binary tree::0.0
ritu::0.0
examples of binary tree::0.0
haus khas new delhi::0.0
parent::0.55::270,::91.9589632829,92.0755939525,92.2570194384,92.3477321814,92.464362851,92.5421166307,93.7343412527,94.3174946004,94.3952483801,94.939524838,95.0820734341,1941.60356347,1953.51612903,2211.76890756,2218.76470588,2242.08668076,2243.70401691,2275.69133192,2294.20084567,2295.45877378,
data structures::1.0::150,::88.6515151515,
adts::0.0
key::0.0::4490,::2213.4789916,
tree represents::0.0
production team::0.0
methods size isempty::0.0
tree of height::0.0::1930,::1033.28820961,1252.49514563,1256.55339806,1320.32620321,1363.88073394,
sub tree::0.0::1390,3420,::716.526315789,719.052631579,725.684210526,726.947368421,729.157894737,730.105263158,740.88,754.2,755.31,757.9,761.97,765.3,770.4,803.4,1647.43023256,1648.76744186,1649.11627907,1650.27906977,1651.73255814,1652.13953488,1653.76744186,1656.55813953,1656.84883721,1658.12790698,1660.68604651,1661.03488372,
height::0.0::750,1930,2150,2810,2950,3100,3110,3120,::230.489795918,256.326530612,1026.08733624,1026.75545852,1027.20087336,1029.20524017,1033.43668122,1048.65502183,1122.625,1253.23300971,1257.29126214,1269.46601942,1274.63106796,1278.3368984,1320.88235294,1324.4973262,1365.11009174,1416.68292683,1423.26829268,1449.25409836,1459.16393443,1476.86335404,1484.91304348,1500.56521739,1508.61490683,1512.63975155,1519.79503106,1533.65838509,1542.23387097,1546.12903226,1553.36290323,1563.93548387,1574.50806452,1703.10344828,
haus khas::0.0
table::0.0::920,::376.123076923,
binary tree ordered::0.0
file system::0.0::1000,::422.279411765,476.102941176,
production::0.0
yad::0.0
specific methods::0.0
leaf but no internal::0.0
rightsibling unboundedtree::0.0
child::0.0::3110,4490,::96.7667386609,525.255813953,526.441860465,531.305555556,534.787037037,581.266666667,581.8,586.333333333,587.0,590.466666667,801.8,803.0,1525.16149068,1529.63354037,1640.51162791,2197.62184874,2198.86554622,2199.64285714,2209.59243697,2210.68067227,2219.23109244,2228.8697479,2229.64705882,2245.6807611,2246.21987315,2247.65750529,2251.07188161,2251.79069767,2271.55813953,2296.35729387,2299.59196617,2304.26427061,2311.81183932,2313.06976744,2314.32769556,-1,-1,-1,-1,-1,-1,-1,-1,-1,
nodes in right sub::0.0
representing rooted trees::0.0
decision trees::0.0::1810,::813.420382166,882.974522293,
positional container::0.0
application specific methods::0.0
leaves in binary::0.0
trees definitions::0.0
yad ram sharma::0.0
internal node::0.0::1390,::122.836734694,709.894736842,785.4,793.4,795.6,984.0,1020.07423581,1021.55895197,1647.95348837,1662.8372093,1914.05122494,
leaves in binary tree::0.0
internal node the root::0.0
technology::0.0
leaves in a binary::0.0
pruning::0.0::2680,::1344.82568807,1399.48780488,
binary::0.137424373379::210,1050,1390,2680,2810,2950,3100,3110,3120,3720,3760,3770,4660,::87.2424242424,579.533333333,584.866666667,598.227272727,605.972727273,610.490909091,634.372727273,640.181818182,665.354545455,667.578947368,688.105263158,702.0,704.210526316,705.789473684,714.0,721.263157895,772.8,776.8,784.6,817.700636943,886.184713376,887.789808917,910.186046512,914.255813953,932.279069767,940.418604651,971.625,1020.9650655,1022.30131004,1023.11790393,1031.28384279,1033.2139738,1041.82532751,1042.27074236,1048.13537118,1052.73799127,1053.92576419,1256.18446602,1266.51456311,1291.12834225,1292.79679144,1294.18716578,1301.13903743,1302.80748663,1305.03208556,1312.81818182,1320.04812834,1323.38502674,1342.36697248,1347.28440367,1350.35779817,1358.96330275,1363.26605505,1368.79816514,1380.47706422,1396.19512195,1398.3902439,1414.48780488,1415.95121951,1437.10655738,1456.60655738,1464.78881988,1469.70807453,1472.83850932,1479.09937888,1487.14906832,1501.9068323,1504.59006211,1513.53416149,1517.11180124,1547.7983871,1549.46774194,1572.83870968,1585.08064516,1611.53164557,1689.52586207,1732.43103448,1754.15517241,1816.61206897,1823.12931034,1839.42241379,2127.90322581,2204.77310924,2207.57142857,2239.57082452,2254.48625793,2317.02325581,2318.46088795,-1,
complete binary tree::0.0333333333333::1930,::909.604651163,931.697674419,939.837209302,971.0625,1020.89082969,1022.22707424,1023.04366812,1033.13973799,1041.7510917,1042.19650655,1048.06113537,1052.66375546,1053.85152838,1255.81553398,1266.14563107,1292.51871658,1300.86096257,1304.7540107,1323.10695187,1346.66972477,1349.74311927,1368.18348624,1398.02439024,1414.12195122,1469.26086957,1472.39130435,1486.70186335,1688.98275862,1731.88793103,1838.87931034,
tree which all nodes::0.0
technology services centre::0.0
sherban kumar::0.0
tree left sub::0.0
contact::0.0
position::0.0::4160,::1871.03786192,1879.95768374,1883.32739421,1884.12026726,1889.67037862,1890.26503341,1899.3830735,1907.70824053,1909.29398664,1910.87973274,1913.06013363,1915.04231626,1918.80846325,1922.97104677,1924.55679287,1927.13363029,1929.51224944,1930.50334076,1931.8908686,1937.24276169,1946.93548387,1965.03225806,2058.80645161,2081.83870968,2083.48387097,2198.08823529,2226.69327731,2227.78151261,2231.20168067,2232.75630252,2238.31289641,
left::0.0::1390,::525.848837209,532.611111111,536.962962963,562.203703704,581.133333333,592.066666667,594.333333333,656.963636364,716.210526316,725.368421053,728.842105263,734.59,740.51,753.83,757.53,764.93,770.2,1641.6744186,1647.37209302,1649.05813953,1651.6744186,1656.5,1656.79069767,1660.62790698,2197.46638655,2198.71008403,2209.43697479,2228.71428571,2229.49159664,2245.50105708,2246.04016913,2295.99788584,2299.23255814,2315.58562368,2317.38266385,-1,
examples of binary trees::0.0::2060,::772.4,
parent binary tree::0.0
proof by induction::0.0
maximum height::0.0::3100,::1512.19254658,1545.57258065,1563.37903226,
adts for binary tree::0.0
height of the tree::0.0::750,::230.489795918,1026.08733624,1026.75545852,1029.20524017,1122.625,1278.3368984,1449.25409836,
nodes at level::0.0::2810,::1404.24390244,1430.71311475,
positional container methods::0.0
binary tree ordered tree::0.0
delhi::0.0
haus::0.0
pointer to left::0.0
tree ordered tree::0.0
node structure::0.0::4490,::2204.1512605,
specific::0.0::4470,::2114.74193548,
left sub::0.0::1390,::716.210526316,725.368421053,728.842105263,740.51,753.83,757.53,764.93,770.2,1647.37209302,1649.05813953,1651.6744186,1656.5,1656.79069767,1660.62790698,
adts for trees::0.0
right::0.0909090909091::1390,::78.3181818182,91.3239740821,92.9179265659,94.252699784,95.6004319654,96.0539956803,96.494600432,112.071428571,165.897959184,177.739795918,210.035714286,322.953846154,381.107692308,408.523076923,519.720930233,526.639534884,533.046296296,537.833333333,538.268518519,553.5,564.814814815,570.907407407,578.2,580.333333333,581.666666667,583.933333333,590.6,592.333333333,595.0,661.481818182,666.315789474,678.631578947,703.578947368,718.736842105,726.631578947,729.789473684,735.33,736.44,747.91,750.13,754.94,761.6,773.6,786.8,789.6,791.8,806.8,818.770700637,879.229299363,891.581395349,903.790697674,911.348837209,925.302325581,948.558139535,960.76744186,998.0625,1022.44978166,1025.56768559,1033.95633188,1037.44541485,1039.07860262,1046.72489083,1051.77292576,1212.04545455,1277.22459893,1293.35294118,1306.97860963,1316.71122995,1331.30275229,1442.54098361,1454.68852459,1470.60248447,1488.04347826,1510.85093168,1515.77018634,1586.75,1641.90697674,1644.0,1647.08139535,1648.70930233,1650.22093023,1650.80232558,1652.08139535,1652.60465116,1653.70930233,1655.74418605,1660.97674419,1662.43023256,1690.61206897,1730.25862069,1736.77586207,1746.55172414,1779.13793103,1833.44827586,1853.0,1863.1091314,1873.81291759,1874.01113586,1891.85077951,1924.75501114,1979.83870968,2190.41935484,2199.48739496,2200.57563025,2205.08403361,2210.52521008,2222.80672269,2231.82352941,2238.67230444,2244.42283298,2247.47780127,2249.63424947,2250.89217759,2251.61099366,2257.3615222,2263.11205074,2268.32346723,2271.91754757,2292.04439746,2294.02114165,2297.794926,2298.15433404,2304.0845666,2304.80338266,2306.78012685,2311.99154334,2315.94503171,2317.74207188,2319.0,-1,-1,-1,
methods::0.0::3920,4160,4220,4470,::1861.12694878,1864.29844098,1871.6325167,1891.05790646,1910.08685969,1920.39420935,2108.16129032,2187.12903226,2201.66386555,
examples::0.0::1640,::771.8,772.4,903.209302326,
nodes in right::0.0
decision::0.0::1810,::813.420382166,838.031847134,843.382165605,846.057324841,882.974522293,894.488372093,
tree can be obtained::0.0
right sub tree::0.0::1390,::718.736842105,726.631578947,729.789473684,754.94,761.6,1648.70930233,1650.22093023,1652.08139535,1653.70930233,1660.97674419,
size isempty::0.0
stmt is truefor::0.0
structures for trees::1.0::210,::89.1212121212,
tree with k internal::0.0::3420,::1646.26744186,1646.79069767,
adts for binary::0.0
rightchild binary::0.0
degree of the node::0.0::800,::269.244897959,
unbounded::0.0::4730,::2256.64270613,
methods position::0.0
node has leaf::0.0
accessor methods root::0.0
accessor methods::0.0
nodes has height::0.0::3100,::1518.90062112,
chaudhary::0.0
d e f g::0.0
complete::0.0322580645161::1930,::909.604651163,931.697674419,935.186046512,939.837209302,971.0625,1020.89082969,1022.22707424,1023.04366812,1033.13973799,1041.7510917,1042.19650655,1048.06113537,1052.66375546,1053.85152838,1255.81553398,1266.14563107,1292.51871658,1300.86096257,1304.7540107,1323.10695187,1346.66972477,1349.74311927,1368.18348624,1398.02439024,1414.12195122,1469.26086957,1472.39130435,1486.70186335,1688.98275862,1731.88793103,1838.87931034,
node in the tree::0.0::4490,::241.255102041,
khas::0.0
khas new delhi::0.0
maximum::0.0::3100,::236.948979592,249.867346939,1027.42358079,1435.50819672,1497.88198758,1512.19254658,1545.57258065,1563.37903226,1593.42741935,
tree on n nodes::0.0::3100,::1052.81222707,1054.0,1110.14772727,1266.88349515,1272.41747573,1505.03726708,
a b c h are internal::0.0
update methods::0.0::4470,::2106.51612903,2201.50840336,
assume stmt::0.0
ordered::0.0::1050,::519.523255814,541.314814815,579.133333333,580.066666667,582.466666667,591.133333333,626.627272727,629.209090909,
container methods size::0.0
iit delhi::0.0
sibling::0.0::470,::93.7861771058,93.8639308855,2200.42016807,2297.25581395,2297.97463002,2304.98308668,2306.95983087,
file::0.0::1000,::422.279411765,476.102941176,
corporation::0.0
application::0.0::4470,::674.526315789,2113.09677419,
book::0.333333333333::920,::380.276923077,386.092307692,823.050955414,
assume stmt is truefor::0.0
arithmetic::0.0::1640,::773.2,774.4,
node::0.0261904761905::240,3320,3370,3420,4490,::92.0237580994,92.101511879,94.2267818575,96.4298056156,96.5334773218,113.147959184,123.913265306,135.755102041,241.255102041,254.173469388,272.474489796,519.127906977,583.0,589.8,708.0,710.210526316,724.421052632,733.11,759.38,763.45,766.78,785.6,793.6,795.8,839.636942675,841.777070064,854.617834395,864.248407643,897.395348837,918.325581395,953.790697674,961.930232558,966.0,981.1875,984.5625,990.1875,1003.125,1013.25,1016.0625,1020.14847162,1021.63318777,1024.30567686,1024.7510917,1035.1441048,1047.68995633,1296.41176471,1427.83606557,1523.81987578,1526.50310559,1527.8447205,1639.40697674,1639.81395349,1640.27906977,1648.01162791,1652.54651163,1653.06976744,1662.89534884,1765.01724138,1914.24944321,1933.67483296,1935.65701559,1955.16129032,1978.19354839,2204.1512605,2207.10504202,2214.41176471,2215.5,2220.6302521,2221.87394958,2224.20588235,2225.13865546,2227.15966387,2231.66806723,2233.22268908,2236.87526427,2241.72727273,2244.24312896,2247.29809725,2248.73572939,2257.72093023,2258.97885835,2281.62156448,2290.60676533,2292.58350951,
elements::0.0::3920,::1869.45211581,1874.60579065,1882.53452116,1902.35634744,1904.73496659,2285.0359408,
update::0.0::4470,::2106.51612903,2201.50840336,
a b c h are internal nodes::0.0
tree ordered::0.0
leaf::0.0::1390,::96.1447084233,96.1706263499,96.3909287257,96.6371490281,96.7149028078,118.530612245,708.631578947,1018.3125,1038.11353712,1640.80232558,1767.18965517,1857.16258352,1919.79955457,
sanjay mishra::0.0
organization structure::0.0
structure::0.0::860,::365.323076923,2204.30672269,
assume::0.0::3370,::1571.72580645,1642.89534884,
depth::0.0::670,::208.959183673,212.18877551,222.954081633,225.107142857,227.260204082,
sharma::0.0
