bcdfg cbfdg::0.0
computation::0.0::7920,::468.349593496,473.243902439,476.040650407,529.178861789,576.723577236,578.821138211,668.975845411,
expressions::0.0::4840,::973.818181818,1672.86184211,1805.51004016,
disk::0.0::2910,::537.918699187,557.495934959,1699.02298851,
children::0.346153846154::440,710,::113.021276596,126.302325581,131.88372093,324.123893805,368.578171091,370.525073746,377.014749263,384.477876106,387.722713864,414.5,477.089430894,647.269565217,1382.37668161,2359.43589744,2365.71794872,2374.8125,2384.9375,2409.06306306,2415.11711712,2458.64755481,2472.24620573,2500.4148398,2622.15514334,2683.89285714,2809.17355372,-1,
template method::0.0
binary trees::0.0::3300,::634.556521739,1184.85714286,2815.74380165,-1,-1,
zree::0.0
preorder postorder::0.0
nodes::0.166666666667::440,::93.1276595745,246.109375,324.448377581,329.640117994,477.43902439,645.4,649.139130435,1363.0941704,2065.71283784,2067.94763514,2217.80327869,2227.60655738,2232.50819672,2287.28089888,2349.56410256,2739.09090909,2799.97520661,-1,
protected void left::0.0
void::0.0
tree traversal::0.0::8800,::1517.62068966,1606.75862069,1608.37931034,1656.18421053,1659.17763158,1798.2811245,1816.75502008,
postorder tree walk processes::0.0
lecture::0.0
postorder v leftchild::0.0
abcdfg::0.0
left position p traversalresult::0.0
euler tour::0.0
algorithm inorder::0.0
specializing generic::0.0
post ire ira::0.0
traversing the left::0.0
java class::0.0
video::0.0
implemented::0.0
protected void::0.0
abc::0.0
sub::0.0::5940,7040,7260,7480,::193.15,197.860655738,199.295081967,215.647540984,238.769230769,337.103244838,337.427728614,434.43902439,437.93495935,440.731707317,480.93495935,508.203252033,516.943089431,551.552845528,559.243902439,746.069295102,749.827956989,753.586618877,762.838709677,763.70609319,774.692951016,776.138590203,780.475507766,789.438470729,794.931899642,800.714456392,815.459976105,819.50776583,823.266427718,827.314217443,832.807646356,833.675029869,901.04181601,904.222222222,909.715651135,912.317801673,939.784946237,983.61038961,985.87012987,989.636363636,993.779220779,1021.64935065,1025.79220779,1167.87878788,1223.09090909,1228.54545455,1232.54545455,1267.45454545,1268.54545455,1278.72727273,1320.49327354,1412.20408163,1417.06122449,1419.83673469,1648.48684211,1649.34210526,1927.15540541,1931.94425676,1935.45608108,1940.24493243,1943.75675676,1949.18412162,1960.35810811,1966.74324324,1973.12837838,1979.51351351,1984.94087838,1990.36824324,2007.60810811,2019.10135135,2024.52871622,2033.14864865,2037.9375,2046.23817568,2049.75,2059.64695946,2066.67060811,2093.16891892,2210.63934426,2212.14754098,2215.54098361,2219.31147541,2224.59016393,2229.1147541,2238.16393443,2247.21311475,2508.83305228,2514.33726813,2532.4688027,2537.64924115,2559.34232715,2565.1703204,2567.43676223,2577.15008432,2579.41652614,2581.03541315,2588.80607083,2591.39629005,2594.95784148,2603.69983137,2627.33558179,
two trees::0.0::1990,::2275.48314607,
building tree from post::0.0
cbfdg::0.0
preorder and inorder::0.0
template::0.0
traversing trees postorder::0.0
binary tree::0.0::6820,::69.0930232558,72.8372093023,652.504347826,720.047789725,1133.6017316,1328.11659193,1606.35344828,1797.87951807,1816.35341365,1840.5,1857.0,2153.49640288,2168.24460432,2266.63483146,2404.52252252,2411.08108108,2679.25,2798.2231405,2801.2892562,-1,-1,
insufticiency of pre::0.0
method::0.0::7700,::1516.81034483,1545.98275862,1550.84482759,1552.87068966,1569.07758621,1577.5862069,1585.28448276,1592.57758621,1668.58552632,1801.4939759,
rightchild::0.0
arithmetic expressions::0.0::4840,::1672.43421053,1805.10843373,
method pattern::0.0
euler tour traversal::0.0
preorder::0.02::440,1590,1810,2030,3300,3520,9240,9460,9680,9900,120,340,640,860,1300,::158.173913043,271.7734375,286.890625,393.887905605,642.034782609,654.599033816,665.082125604,692.338164251,785.390681004,1135.2034632,
tree and visit::0.0
specialized::0.0::7920,::651.382608696,1519.24137931,1791.05220884,1814.74698795,
evaluating arithmetic::0.0::4840,::965.155844156,
evaluate v leftchild::0.0
disk usage::0.0::2910,::537.918699187,557.495934959,1699.02298851,
uniquely::0.0::9240,::2269.58426966,2334.89325843,2423.18918919,
left ad right sub::0.0
print p element::0.0
tree walks traversals::0.0
unix::0.0::2910,::538.967479675,542.463414634,
position p traversalresult::0.0
fdgs::0.0
redefining::0.0
univ::0.0
post::0.0833333333333::1300,1770,::103.978723404,118.860465116,404.538461538,405.948717949,488.276422764,494.569105691,501.211382114,504.008130081,697.130434783,707.014492754,710.009661836,723.806451613,842.348864994,851.890083632,856.516129032,858.250896057,861.142174432,864.033452808,868.081242533,870.972520908,875.598566308,879.357228196,884.272401434,896.126642772,899.307048984,902.487455197,907.98088411,910.583034648,914.630824373,919.545997611,928.219832736,930.532855436,936.604540024,940.941457587,945.278375149,947.591397849,953.084826762,959.506493506,1003.94805195,1103.37662338,1138.40692641,1151.86147186,1333.04932735,1525.72413793,2137.30935252,2143.0647482,2174.34375,2180.53125,2195.55737705,2222.32786885,2233.63934426,2235.90163934,2252.1147541,2259.33333333,2264.52808989,2278.85393258,2285.1741573,2297.39325843,2303.29213483,2307.92696629,2332.78651685,2342.38461538,2420.16216216,2433.27927928,2520.81281619,2535.70657673,2609.85160202,2676.92857143,2767.56198347,2793.40495868,-1,-1,
insufticiency of pre postorder::0.0
abcdfge::0.0
visit::0.0054347826087::1590,3300,3520,5940,::109.404255319,129.093023256,290.909090909,292.0,294.920353982,305.303834808,366.306784661,367.604719764,373.120943953,374.418879056,378.637168142,380.584070796,382.206489676,383.828908555,387.073746313,410.743589744,413.75,416.75,642.782608696,644.27826087,646.52173913,666.879227053,667.777777778,674.966183575,698.628019324,713.903381643,727.565113501,755.899641577,756.76702509,768.33213859,769.199522103,802.449223417,1159.54978355,1165.95670996,1177.80952381,1189.34199134,1190.94372294,1192.22510823,1195.10822511,1196.38961039,1199.27272727,1571.10344828,-1,-1,-1,-1,
two::0.025641025641::1990,::97.1063829787,182.415384615,192.45,196.3,197.0,199.008196721,217.942622951,255.25,340.997050147,354.625368732,359.492625369,426.74796748,430.243902439,434.089430894,462.056910569,476.739837398,1381.92825112,1862.0,2275.48314607,2323.51685393,2358.98717949,2365.26923077,2374.25,2384.375,2407.04504505,2408.55855856,2414.61261261,2458.3237774,2471.92242833,2683.42857143,2693.64285714,2783.76859504,2787.7107438,2808.73553719,-1,-1,-1,-1,-1,
protected void external position::0.0
dfg fgd::0.0
order traversals::0.0
void left::0.0
preorder tree walk processes::0.0
vidited::0.0
abstract java::0.0
system out::0.0
insufficiency::0.0
visit node::0.0
cases::0.0::6820,::1337.98206278,
walks traversals::0.0
traversing trees preorder::0.0
printing::0.0::3740,7040,7260,7480,::729.589008363,742.599761051,757.634408602,770.64516129,1253.63636364,1259.45454545,1504.14285714,1671.57894737,1736.83534137,
arithmetic expression::0.0::7040,::965.532467532,968.168831169,1113.54545455,1301.21076233,1392.08163265,1395.20408163,1397.63265306,1505.18367347,1737.23694779,1807.91967871,1810.73092369,
root::0.0::1300,::288.296875,423.5,740.286738351,752.430107527,767.464755078,906.246117085,950.482676225,1038.97402597,1880.4,1883.2,1885.2,1886.8,1901.2,1909.59628378,1913.74662162,1917.25844595,2017.82432432,2023.25168919,2030.91385135,2080.39864865,2090.29560811,2189.90163934,2194.42622951,2198.19672131,2200.83606557,2203.47540984,2206.86885246,2443.36936937,2446.3963964,2449.92792793,2540.56323777,2542.50590219,2612.76559865,
post order traversals::0.0
give::0.0::1520,::1836.5,1860.5,2145.58273381,2756.17355372,2772.38016529,
generic binary tree traversal::0.0
tree walk or traversal::0.0
traversal are special::0.0
out print::0.0
public class printexpressiontraversal::0.0
end::0.0::2030,::184.246153846,208.762295082,209.336065574,401.351032448,412.435897436,569.382113821,700.425120773,855.070489845,2749.60330579,
usage command::0.0::2910,::538.268292683,557.845528455,
tree we can uniquely::0.0
variable stored::0.0::5280,::1045.75324675,
document from beginning::0.0::2030,::400.053097345,
traversing trees::0.0::930,::-1,
data::0.0
postorder::0.0::440,2690,2910,3300,3520,3740,3960,4180,4400,4620,1300,1990,::646.147826087,
obtaining tree::0.0
post and inorder::0.0
pre and postorder traversal::0.0
element::0.0::8800,9020,::1753.30120482,1758.12048193,1761.73493976,1962.59290541,2041.76858108,2193.29508197,2197.06557377,2587.18718381,2596.9005059,
generic::0.0::6820,::293.297935103,668.676328502,1326.77130045,1516.40517241,1607.97413793,1655.75657895,1658.75,
pre and postorder::0.0
algorithms::0.0::340,::2639.96290051,2657.89285714,
cocksure::0.0
redcoat::0.0
order::0.0759493670886::440,::95.6595744681,101.808510638,104.340425532,106.510638298,119.790697674,205.606557377,275.640625,280.5625,345.539823009,404.820512821,406.230769231,488.62601626,494.918699187,501.56097561,504.357723577,528.130081301,536.520325203,595.951219512,676.463768116,679.758454106,685.149758454,696.531400966,697.429951691,702.222222222,705.516908213,707.314009662,710.309178744,723.228195938,724.09557945,733.636798088,738.551971326,745.201911589,748.382317802,793.486260454,796.955794504,799.557945042,814.303464755,818.062126643,821.82078853,825.868578256,829.916367981,837.144563919,842.637992832,852.17921147,856.80525687,858.540023895,861.43130227,864.322580645,868.37037037,871.261648746,875.887694146,879.646356033,884.561529271,896.415770609,899.596176822,902.776583035,908.270011947,910.872162485,914.91995221,919.835125448,928.508960573,930.821983274,936.893667861,941.230585424,945.567502987,947.880525687,953.3739546,959.883116883,1004.32467532,1103.75324675,1137.44588745,1138.72727273,1140.64935065,1145.13419913,1152.18181818,1215.81818182,1265.63636364,1524.9137931,1526.12931034,1833.81818182,1838.5,1853.0,1876.0,1930.02871622,1938.64864865,1942.47972973,1954.61148649,1958.76182432,1964.8277027,1965.46621622,1975.36317568,1977.91722973,1981.74831081,1995.79560811,1998.34966216,2048.15371622,2062.20101351,2072.09797297,2129.39568345,2137.66906475,2143.42446043,2171.12230216,2180.875,2181.5625,2192.16393443,2195.93442623,2222.70491803,2234.01639344,2236.27868852,2253.24590164,2264.9494382,2279.2752809,2283.48876404,2285.59550562,2295.28651685,2297.81460674,2303.71348315,2307.08426966,2308.34831461,2333.20786517,2342.83333333,2419.15315315,2420.66666667,2433.78378378,2495.88195616,2517.89881956,2521.13659359,2531.49747049,2536.03035413,2562.58010118,2570.02698145,2607.90893761,2610.17537943,2676.0,2677.39285714,2697.35714286,2699.67857143,2707.57142857,2716.31404959,2722.00826446,2728.5785124,2734.7107438,2758.80165289,2768.0,2769.75206612,2792.09090909,2793.84297521,2819.24793388,2820.12396694,-1,-1,-1,-1,-1,-1,-1,-1,-1,
preorder tree::0.0::440,::158.173913043,
preorder traversal::0.0::1590,::271.7734375,286.890625,393.887905605,654.599033816,665.082125604,692.338164251,785.390681004,1135.2034632,
operator stored::0.0
preorder inorder::0.0
bcdfg::0.0
leftchild::0.0
traverse the right::0.0
posture::0.0
return::0.0::3300,3520,5280,5500,::1045.0,1086.80519481,1732.01606426,
arv we univ::0.0
preorder and postorder::0.0
inorder and postorder::0.0
return the variable::0.0::5280,::1045.0,
nodes in a tree::0.0
inorder and postorder traversal::0.0
traversal is the root::0.0
vidited in the postorder::0.0
abcdfge cbfdgae::0.0
left ad right::0.0
special::0.0::6820,::1337.53363229,
out::0.0::8800,9020,::167.0,302.383480826,317.634218289,554.699186992,562.040650407,570.430894309,729.878136201,759.947431302,1173.64502165,1254.36363636,1283.45454545,1398.32653061,1402.14285714,1431.63265306,1504.48979592,1672.00657895,1752.49799197,1757.31726908,1767.35742972,1772.57831325,1781.81526104,1787.83935743,1803.50200803,1809.92771084,1847.5,1865.5,2001.86148649,2051.66554054,2076.56756757,2158.17266187,2188.7704918,2221.19672131,2478.39797639,2593.98650927,2615.67959528,2624.09780776,2662.07142857,2687.60714286,2702.92857143,2709.89285714,-1,
right sub::0.0::5940,::780.186379928,789.149342891,800.425328554,822.977299881,832.518518519,833.385902031,900.752688172,903.933094385,912.028673835,939.495818399,1025.41558442,1167.55844156,1228.18181818,1267.09090909,1268.18181818,1278.36363636,1320.04484305,1419.48979592,1926.83614865,1931.625,1939.92567568,1966.42398649,1972.80912162,1990.04898649,2037.61824324,2049.43074324,2059.3277027,2066.35135135,2211.7704918,2224.21311475,2246.83606557,2559.01854975,2564.846543,2567.11298482,2576.82630691,2591.07251265,2603.37605396,
protected void left position::0.0
print::0.0::7040,7260,7480,8800,9020,::306.601769912,307.575221239,308.548672566,317.309734513,754.743130227,759.369175627,771.80167264,872.707287933,913.474313023,922.726403823,926.195937873,932.556750299,934.291517324,942.965352449,949.90442055,1240.18181818,1246.0,1258.0,1283.09090909,1396.93877551,1401.79591837,1413.24489796,1421.2244898,1431.28571429,1443.42857143,1447.24489796,1452.44897959,1461.81632653,1465.63265306,1469.79591837,1480.55102041,1484.71428571,1490.6122449,1496.51020408,1746.47389558,1752.09638554,1756.91566265,1766.95582329,1772.17670683,1781.01204819,1787.437751,1794.26506024,1803.10040161,1809.52610442,1865.0,
traverse the right sub::0.0
template method pattern::0.0
uniquely identify::0.0
inorder traversals of binary::0.0
processing its children::0.0
beginning::0.0::2030,::400.702064897,
place of preorder::0.0
times::0.0::6820,::1359.50672646,
place::0.0
left sub tree::0.0::7040,::745.780167264,749.538829152,753.297491039,762.54958184,763.416965352,774.403823178,775.849462366,794.642771804,819.218637993,909.426523297,1021.27272727,1222.72727273,1232.18181818,1411.85714286,1416.71428571,1935.13682432,1943.4375,1948.86486486,1960.03885135,1979.19425676,1984.62162162,2007.28885135,2018.78209459,2024.20945946,2032.82939189,2045.91891892,2092.84966216,2210.26229508,2215.16393443,2218.93442623,2228.73770492,2237.78688525,2508.50927487,2514.01349073,2532.1450253,2537.32546374,2579.09274874,2580.71163575,2588.48229342,2594.63406408,2627.01180438,
reading a document::0.0::2030,::399.404129794,
right position::0.0
data in node::0.0
external position p traversalresult::0.0
dfg fdgs::0.0
system::0.0::8800,9020,::451.569105691,
abstract java class::0.0
tour traversal::0.0
structures::0.0
preorder v rightchild::0.0
recursively::0.0::1590,::2069.22466216,2241.55737705,
printexpressiontraversal::0.0
return the variable stored::0.0::5280,::1045.0,
dfg::0.0
disk usage command::0.0::2910,::537.918699187,557.495934959,
class printexpressiontraversal extends::0.0
tree::0.312640575798::370,440,710,6820,7040,7260,7480,9240,9460,9680,9900,120,340,640,860,1300,1990,2210,2430,2650,2870,3090,3600,3850,4070,4310,::66.9534883721,69.6279069767,73.3720930233,87.3404255319,88.4255319149,89.8723404255,94.2127659574,158.565217391,166.75,167.75,170.75,244.703125,246.8125,273.1796875,284.078125,289.272727273,330.938053097,652.87826087,718.891278375,720.336917563,725.2520908,746.358422939,750.117084827,753.875746714,763.127837515,763.995221027,774.982078853,776.427718041,780.764635603,789.727598566,795.221027479,801.003584229,815.749103943,819.796893668,823.555555556,827.603345281,833.096774194,833.964157706,838.301075269,901.330943847,904.51135006,910.004778973,912.60692951,940.074074074,1022.02597403,1026.16883117,1112.41558442,1119.94805195,1126.72727273,1128.98701299,1130.87012987,1133.92207792,1168.1991342,1223.45454545,1228.90909091,1232.90909091,1267.81818182,1268.90909091,1279.09090909,1287.81818182,1294.03587444,1299.41704036,1320.94170404,1328.56502242,1393.46938776,1412.55102041,1417.40816327,1420.18367347,1508.30612245,1517.62068966,1606.75862069,1608.37931034,1656.18421053,1659.17763158,1798.2811245,1806.71485944,1816.75502008,1841.0,1857.5,1868.5,1897.2,1927.47466216,1932.26351351,1935.77533784,1940.56418919,1944.07601351,1949.50337838,1960.67736486,1967.0625,1973.44763514,1979.83277027,1985.26013514,1990.6875,1997.39189189,1999.94594595,2002.81925676,2004.7347973,2007.92736486,2019.42060811,2024.84797297,2033.46790541,2038.25675676,2046.55743243,2050.06925676,2059.96621622,2066.98986486,2074.65202703,2093.48817568,2134.79136691,2140.90647482,2144.50359712,2153.85611511,2168.60431655,2178.125,2184.3125,2211.01639344,2212.52459016,2215.91803279,2219.68852459,2224.96721311,2229.49180328,2238.54098361,2250.60655738,2267.05617978,2270.84831461,2288.12359551,2291.91573034,2294.02247191,2301.18539326,2318.88202247,2336.15730337,2348.66666667,2358.08974359,2363.47435897,2371.1025641,2378.1875,2381.5625,2397.76470588,2405.02702703,2411.58558559,2422.68468468,2509.15682968,2514.66104553,2532.7925801,2537.97301855,2559.66610455,2565.49409781,2567.76053963,2577.47386172,2579.74030354,2581.35919056,2589.12984823,2591.72006745,2595.28161889,2604.02360877,2627.65935919,2679.71428571,2689.0,2704.32142857,2711.28571429,2723.76033058,2725.51239669,2731.6446281,2758.36363636,2798.66115702,2801.72727273,2815.30578512,-1,-1,-1,-1,
usage command in unix::0.0
protected::0.0
binary tree traversal::0.0::8800,::1606.35344828,1797.87951807,1816.35341365,
pre::0.0::3740,1990,::101.446808511,106.14893617,275.2890625,280.2109375,345.215339233,676.164251208,679.458937198,696.231884058,701.922705314,705.217391304,722.9390681,733.347670251,738.262843489,744.912783751,748.093189964,793.197132616,796.666666667,799.268817204,814.014336918,817.772998805,821.531660693,825.579450418,829.627240143,836.855436081,1137.12554113,1144.81385281,1332.60089686,1524.50862069,1831.63636364,1837.5,1838.0,1852.5,1875.6,1954.29222973,1958.44256757,1964.50844595,1965.14695946,1975.04391892,1977.59797297,1981.42905405,1995.47635135,2061.88175676,2071.77871622,2129.03597122,2170.04316547,2172.56115108,2191.78688525,2258.44444444,2263.68539326,2278.01123596,2283.06741573,2294.86516854,2302.4494382,2306.66292135,2331.94382022,2341.48717949,2418.64864865,2432.27027027,2495.55817875,2517.57504216,2531.17369309,2562.25632378,2569.70320405,2607.5851602,2675.53571429,2696.89285714,2699.21428571,2707.10714286,2715.87603306,2721.57024793,2728.14049587,2734.27272727,2791.65289256,2818.80991736,2819.68595041,-1,-1,-1,-1,
cfgdb::0.0
pro::0.0
specializing generic binary tree::0.0
class printexpressiontraversal::0.0
null::0.0::3300,3520,::659.09178744,660.289855072,663.884057971,777.005973716,781.921146953,808.231780167,809.09916368,881.959378734,886.296296296,1172.36363636,
specializing generic binary::0.0
mechanism::0.0
internal::0.416666666667::2210,::1057.05194805,1373.85650224,1379.23766816,2356.74358974,2361.67948718,2363.92307692,2372.5625,2382.6875,2403.00900901,2680.64285714,2799.53719008,2807.4214876,
generic binary tree::0.0
void right position::0.0
inorder v leftchild::0.0
algorithm evaluate::0.0
inorder traversal::0.441176470588::1300,::1136.48484848,1143.21212121,1169.8008658,1180.37229437,1210.72727273,1220.18181818,1226.72727273,1230.72727273,1235.81818182,1242.36363636,1249.27272727,1269.27272727,1277.27272727,1286.36363636,1333.94618834,1526.53448276,1839.0,1855.0,1912.15033784,1920.77027027,1930.34797297,1933.8597973,1976.00168919,1983.34459459,1998.66891892,2063.15878378,2072.73648649,2129.75539568,2166.08633094,2204.60655738,2773.25619835,2778.51239669,-1,-1,
visa::0.0
printexpressiontraversal extends::0.0
right position p traversalresult::0.0
class::0.0::8140,::61.0697674419,1611.71052632,1618.125,1631.38157895,1636.94078947,1640.78947368,1648.91447368,1649.76973684,1651.05263158,1670.72368421,1796.27309237,1815.95180723,2641.58178752,-1,
recursively perform postorder::0.0
visit to the left::0.0::5940,::1165.95670996,
preorder v leftchild::0.0
specialized by redefining::0.0
void external position::0.0
print the value::0.0
tree from pre::0.0
evaluate v rightchild::0.0
means::0.0::8140,::378.312684366,770.356033453,801.581839904,824.133811231,924.461170848,942.387096774,1055.54545455,1618.98026316,2503.32883642,2507.53794266,2620.86003373,2626.04047218,
trees::0.0::930,::64.2790697674,83.0,606.952380952,618.104347826,633.060869565,634.930434783,640.165217391,1185.17748918,1848.5,2077.52533784,2247.59016393,2275.90449438,2312.14044944,2326.88764045,2339.69230769,2777.63636364,2816.18181818,-1,-1,-1,-1,-1,-1,
traversal of a binary::0.0::6820,::2265.37078652,2677.85714286,
processes::0.0
determine the tree::0.0::9240,::2270.00561798,2335.31460674,2421.67567568,
public::0.0
traverse::0.0::7040,7260,7480,::1537.47413793,1558.54310345,-1,
arv::0.0
walk processes each node::0.0
generic binary::0.0
visiting::0.2::440,::92.4042553191,471.146341463,1439.95918367,-1,-1,
pattern::0.0
determined::0.0
ira::0.0
reading::0.0::2030,::202.450819672,207.901639344,399.404129794,
inorder::0.0::5720,5940,6160,6380,9240,9460,9680,9900,120,340,640,860,1300,::1136.48484848,1143.21212121,1169.8008658,1175.56709957,1180.37229437,1210.72727273,1220.18181818,1226.72727273,1230.72727273,1235.81818182,1242.36363636,1249.27272727,1269.27272727,1277.27272727,1286.36363636,1333.94618834,1526.53448276,1839.0,1855.0,1912.15033784,1920.77027027,1930.34797297,1933.8597973,1976.00168919,1983.34459459,1998.66891892,2063.15878378,2072.73648649,2129.75539568,2166.08633094,2204.60655738,2773.25619835,2778.51239669,-1,-1,
ire::0.0
walk processes::0.0
postorder tree walk::0.0
data structures::0.0
cases of the euler::0.0
fgd::0.0
tree walk processes::0.0
last::0.0::1300,::60.5348837209,2196.68852459,
processes each node::0.0
pre postorder::0.0
subclasses::0.0
tour::0.0::6600,6820,::1304.79820628,
recursively perform preorder::0.0
expression::0.0::7040,7260,7480,::965.909090909,968.545454545,971.558441558,982.857142857,983.987012987,986.246753247,990.012987013,994.155844156,1035.20779221,1051.4025974,1059.68831169,1090.19480519,1113.92207792,1129.36363636,1301.65919283,1392.42857143,1395.55102041,1397.97959184,1505.53061224,1737.63855422,1808.32128514,1811.13253012,-1,
sub tree::0.0::5940,7040,7260,7480,::746.069295102,749.827956989,753.586618877,762.838709677,763.70609319,774.692951016,776.138590203,780.475507766,789.438470729,794.931899642,800.714456392,815.459976105,819.50776583,823.266427718,827.314217443,832.807646356,833.675029869,901.04181601,904.222222222,909.715651135,912.317801673,939.784946237,1021.64935065,1025.79220779,1167.87878788,1223.09090909,1228.54545455,1232.54545455,1267.45454545,1268.54545455,1278.72727273,1320.49327354,1412.20408163,1417.06122449,1419.83673469,1927.15540541,1931.94425676,1935.45608108,1940.24493243,1943.75675676,1949.18412162,1960.35810811,1966.74324324,1973.12837838,1979.51351351,1984.94087838,1990.36824324,2007.60810811,2019.10135135,2024.52871622,2033.14864865,2037.9375,2046.23817568,2049.75,2059.64695946,2066.67060811,2093.16891892,2210.63934426,2212.14754098,2215.54098361,2219.31147541,2224.59016393,2229.1147541,2238.16393443,2508.83305228,2514.33726813,2532.4688027,2537.64924115,2559.34232715,2565.1703204,2567.43676223,2577.15008432,2579.41652614,2581.03541315,2588.80607083,2591.39629005,2594.95784148,2603.69983137,2627.33558179,
building tree::0.0
walk::0.0::440,710,::87.7021276596,90.2340425532,102.170212766,104.70212766,106.872340426,1405.95918367,1507.26530612,
post ire::0.0
specializing::0.0::8800,::1824.78714859,
java::0.0::8140,::1615.55921053,
traversals::0.0::370,::88.7872340426,1204.3982684,1288.54545455,1330.80717489,-1,-1,
right sub trees::0.0::1300,::2246.83606557,
perform preorder::0.0
tree from preorder::0.0
gay::0.0
recursively perform::0.0
traversal::0.0233918128655::440,6820,1300,::272.125,275.9921875,280.9140625,287.2421875,345.864306785,363.386430678,394.212389381,405.102564103,406.512820513,488.975609756,495.268292683,596.300813008,638.669565217,654.898550725,665.381642512,676.763285024,680.057971014,692.637681159,702.52173913,705.816425121,707.61352657,710.608695652,724.384707288,738.841099164,745.491039427,748.671445639,785.679808841,793.775388292,797.244922342,799.847072879,814.592592593,818.35125448,822.109916368,826.157706093,830.205495818,837.433691756,842.927120669,852.468339307,857.094384707,858.829151732,861.720430108,864.611708483,868.659498208,871.550776583,876.176821983,879.935483871,884.850657109,896.704898447,899.885304659,903.065710872,908.559139785,911.161290323,915.209080048,920.124253286,928.798088411,931.111111111,937.182795699,941.519713262,945.856630824,948.169653524,953.663082437,960.25974026,1004.7012987,1104.12987013,1125.22077922,1135.52380952,1136.80519481,1137.76623377,1139.04761905,1141.61038961,1143.53246753,1145.45454545,1152.5021645,1170.12121212,1180.69264069,1211.09090909,1217.27272727,1220.54545455,1227.09090909,1231.09090909,1236.18181818,1242.72727273,1249.63636364,1266.0,1269.63636364,1277.63636364,1286.72727273,1327.21973094,1334.39461883,1518.02586207,1526.93965517,1603.51724138,1607.1637931,1608.78448276,1656.61184211,1659.60526316,1794.66666667,1798.68273092,1801.09236948,1817.15662651,1839.5,1853.5,1855.5,1876.4,1912.46959459,1921.08952703,1930.66722973,1934.17905405,1938.96790541,1954.93074324,1959.08108108,1965.78547297,1976.32094595,1978.23648649,1982.06756757,1983.66385135,1996.11486486,1998.98817568,2048.47297297,2062.52027027,2063.47804054,2073.05574324,2130.11510791,2138.02877698,2143.78417266,2166.44604317,2204.98360656,2223.08196721,2234.39344262,2236.6557377,2253.62295082,2265.37078652,2279.69662921,2283.91011236,2286.01685393,2295.70786517,2298.23595506,2304.13483146,2307.50561798,2308.76966292,2333.62921348,2343.28205128,2434.28828829,2496.20573356,2518.22259696,2521.46037099,2531.82124789,2536.35413153,2562.90387858,2570.35075885,2608.23271501,2677.85714286,2694.10714286,2700.14285714,2708.03571429,2716.75206612,2722.44628099,2729.01652893,2735.14876033,2759.23966942,2764.05785124,2773.69421488,2778.95041322,2794.28099174,-1,-1,-1,-1,-1,-1,-1,
command in unix::0.0::2910,::541.764227642,
external::0.0::8800,::1542.3362069,1546.79310345,1551.65517241,1559.75862069,1561.37931034,1622.82894737,1623.25657895,1626.25,
child::0.140350877193::1590,::329.315634218,389.345132743,491.772357724,498.06504065,603.0,609.095238095,609.571428571,610.047619048,610.523809524,611.747826087,621.469565217,626.704347826,677.961352657,681.256038647,693.835748792,695.033816425,703.719806763,708.512077295,711.806763285,881.091995221,886.007168459,1066.84415584,1075.88311688,1078.8961039,1176.84848485,1181.33333333,1385.51569507,1580.42241379,1587.71551724,1685.91954023,1689.4137931,1712.12643678,1713.97826087,1715.60869565,1719.19565217,1891.2,1895.2,1899.2,1903.6,2321.83146067,2352.70512821,2456.48648649,2468.03709949,2470.30354132,2473.86509275,2481.31197302,2513.04215852,2545.74367622,2548.65767285,2552.54300169,2555.45699831,2617.29848229,2803.91735537,-1,-1,-1,-1,
arisen::0.0
visit each node::0.0
case::0.0::2210,::300.761061947,651.756521739,2787.27272727,2795.59504132,
node three times::0.0
value::0.0::7040,::979.090909091,981.727272727,988.506493506,992.649350649,999.428571429,1006.96103896,1008.84415584,1016.75324675,1020.14285714,1024.28571429,1048.38961039,1072.49350649,1074.75324675,1087.55844156,1089.44155844,1729.6064257,1731.61445783,
evaluating::0.0::4840,::965.155844156,
public class::0.0
procedure::0.0::1300,::683.652173913,686.048309179,956.554360812,1031.81818182,1657.03947368,1660.03289474,
beginning to end::0.0::2030,::400.702064897,
generic traversal::0.0::6820,::1326.77130045,
printing an arithmetic::0.0
internal node::0.454545454545::2210,::1057.05194805,1373.85650224,1379.23766816,2356.74358974,2361.67948718,2363.92307692,2372.5625,2382.6875,2403.00900901,2680.64285714,2807.4214876,
external position::0.0
traversing the left sub::0.0
binary::0.0::3300,::69.0930232558,72.8372093023,634.556521739,652.504347826,720.047789725,1133.6017316,1184.85714286,1328.11659193,1606.35344828,1797.87951807,1816.35341365,1840.5,1857.0,2153.49640288,2168.24460432,2266.63483146,2404.52252252,2411.08108108,2679.25,2798.2231405,2801.2892562,2815.74380165,-1,-1,-1,-1,
specialization::0.0
void right::0.0
perform::0.0::1590,::500.512195122,
split::0.0
algorithm::0.0
document::0.0::2030,::400.053097345,
left position::0.0
procedure is a similar::0.0
inorder traversals::0.0
command::0.0::2910,::538.617886179,541.764227642,545.959349593,558.195121951,
position::0.0::8800,9020,::1540.31034483,1756.1124498,
insufticiency::0.0
bcdfg cfgdb::0.0
left::0.0::5940,::622.965217391,677.661835749,693.536231884,703.420289855,708.212560386,745.780167264,749.538829152,753.297491039,762.54958184,763.416965352,774.403823178,775.849462366,794.642771804,805.340501792,807.94265233,819.218637993,880.802867384,909.426523297,1021.27272727,1063.83116883,1066.46753247,1148.97835498,1154.42424242,1162.11255411,1166.91774892,1176.52813853,1188.06060606,1193.18614719,1197.35064935,1201.51515152,1222.72727273,1232.18181818,1237.27272727,1244.54545455,1411.85714286,1413.93877551,1416.71428571,1441.34693878,1460.7755102,1464.93877551,1466.32653061,1469.10204082,1470.48979592,1473.26530612,1496.16326531,1497.20408163,1551.25,1574.75,1580.01724138,1626.67763158,1628.81578947,1632.23684211,1663.02631579,1676.31034483,1685.48275862,1688.97701149,1710.81609195,1711.68965517,1713.65217391,1715.2826087,1723.76086957,1765.34939759,1768.16064257,1773.3815261,1890.8,1894.8,1898.8,1903.2,1935.13682432,1943.4375,1948.86486486,1960.03885135,1972.17060811,1979.19425676,1984.62162162,2007.28885135,2018.78209459,2024.20945946,2032.82939189,2040.1722973,2045.91891892,2053.58108108,2086.46452703,2092.84966216,2210.26229508,2215.16393443,2218.93442623,2228.73770492,2237.78688525,2246.08196721,2455.98198198,2461.56155143,2508.50927487,2514.01349073,2530.20236088,2532.1450253,2537.32546374,2579.09274874,2580.71163575,2588.48229342,2594.63406408,2627.01180438,2629.60202361,-1,-1,-1,-1,
postorder v rightchild::0.0
system out print::0.0
stored::0.0::5280,5500,::1046.12987013,1722.45652174,
identify::0.0::1300,::1971.21283784,
abcdfge cfgdbea::0.0
perform postorder::0.0
traversal to identify::0.0
void external::0.0
extends::0.0
ghee::0.0
usage::0.0::2910,::538.268292683,557.845528455,1699.45977011,
euler::0.0::6600,6820,::1405.6122449,1506.91836735,
evaluate::0.0::5280,5500,::970.805194805,973.441558442,1034.45454545,1040.85714286,1058.93506494,1063.07792208,1065.33766234,1077.38961039,1128.23376623,
algorithm preorder::0.0
children then the tree::0.0
last node vidited::0.0
postorder tree::0.0
possibly::0.0::5940,::2164.28776978,
vised::0.0
obtaining tree from preorder::0.0
null then return::0.0
postcard::0.0
tree walks::0.0::370,::158.565217391,
steps::0.0
left sub::0.0::7040,::745.780167264,749.538829152,753.297491039,762.54958184,763.416965352,774.403823178,775.849462366,794.642771804,819.218637993,909.426523297,1021.27272727,1222.72727273,1232.18181818,1411.85714286,1416.71428571,1935.13682432,1943.4375,1948.86486486,1960.03885135,1979.19425676,1984.62162162,2007.28885135,2018.78209459,2024.20945946,2032.82939189,2045.91891892,2092.84966216,2210.26229508,2215.16393443,2218.93442623,2228.73770492,2237.78688525,2508.50927487,2514.01349073,2532.1450253,2537.32546374,2579.09274874,2580.71163575,2588.48229342,2594.63406408,2627.01180438,
node::0.307692307692::440,710,::110.489361702,143.046511628,248.21875,251.734375,254.8984375,281.96875,291.454545455,299.463126844,310.171091445,312.1179941,366.955752212,371.498525074,379.286135693,381.233038348,382.855457227,411.307692308,417.5,463.455284553,471.845528455,474.292682927,492.821138211,496.317073171,499.113821138,643.530434783,647.643478261,657.594202899,728.143369176,731.323775388,755.321385902,756.477897252,767.753882915,768.910394265,769.777777778,792.040621266,803.027479092,845.529271207,873.285543608,890.633213859,917.23297491,933.135005974,1014.49350649,1037.46753247,1039.35064935,1057.42857143,1061.19480519,1091.7012987,1146.73593074,1157.30735931,1160.19047619,1178.45021645,1189.98268398,1213.63636364,1251.81818182,1341.12107623,1351.88340807,1357.71300448,1361.30044843,1374.30493274,1379.68609865,1383.72197309,1430.24489796,1433.36734694,1436.83673469,1454.18367347,1460.08163265,1463.89795918,1468.06122449,1472.2244898,1478.81632653,1487.83673469,1538.28448276,1542.74137931,1556.51724138,1560.1637931,1561.78448276,1564.21551724,1567.05172414,1571.9137931,1573.53448276,1582.44827586,1590.14655172,1740.4497992,1742.0562249,1748.48192771,1754.5060241,1759.72690763,1764.14457831,1775.38955823,1916.30067568,2074.33277027,2357.19230769,2362.12820513,2364.37179487,2373.125,2383.25,2403.51351351,2471.27487352,2628.6306914,2681.10714286,2807.85950413,-1,-1,-1,-1,
right::0.0::5940,::201.016393443,207.040983607,219.37704918,228.844262295,240.923076923,252.4375,273.53125,310.495575221,319.581120944,329.96460177,342.943952802,359.817109145,487.227642276,532.674796748,629.32173913,633.434782609,653.252173913,671.671497585,680.956521739,683.951690821,690.541062802,694.734299517,711.507246377,717.734767025,731.612903226,740.864994026,760.23655914,780.186379928,789.149342891,800.425328554,808.810035842,822.977299881,832.518518519,833.385902031,843.216248507,848.709677419,885.718040621,900.752688172,903.933094385,912.028673835,939.495818399,966.285714286,994.532467532,1025.41558442,1031.06493506,1051.77922078,1075.50649351,1076.25974026,1078.51948052,1086.05194805,1123.33766234,1150.9004329,1155.70562771,1163.07359307,1163.39393939,1167.55844156,1181.01298701,1181.65367965,1185.4978355,1194.14718615,1198.31168831,1211.45454545,1228.18181818,1238.36363636,1247.81818182,1254.72727273,1267.09090909,1268.18181818,1278.36363636,1284.18181818,1284.54545455,1297.17488789,1308.38565022,1320.04484305,1321.39013453,1339.77578475,1358.16143498,1399.36734694,1419.48979592,1421.91836735,1422.6122449,1446.55102041,1447.93877551,1492.69387755,1501.02040816,1514.25,1529.37068966,1547.19827586,1587.31034483,1590.55172414,1592.98275862,1627.53289474,1629.67105263,1645.49342105,1664.30921053,1692.90804598,1699.89655172,1706.01149425,1718.86956522,1725.06521739,1787.03614458,1788.64257028,1813.14056225,1823.98393574,1841.5,1925.55912162,1926.83614865,1931.625,1936.73310811,1939.92567568,1966.42398649,1972.80912162,1990.04898649,2019.73986486,2037.61824324,2049.43074324,2059.3277027,2066.35135135,2087.74155405,2095.40371622,2113.72093023,2155.29496403,2178.46875,2190.6557377,2211.7704918,2224.21311475,2225.72131148,2246.83606557,2286.43820225,2310.45505618,2312.98314607,2316.35393258,2321.41011236,2385.5,2409.56756757,2429.24324324,2434.79279279,2465.12310287,2467.71332209,2469.97976391,2473.54131535,2476.45531197,2480.98819562,2494.26306914,2512.71838111,2526.96458685,2542.8296796,2545.41989882,2548.33389545,2551.57166948,2552.21922428,2555.13322091,2559.01854975,2564.846543,2567.11298482,2576.82630691,2586.53962901,2591.07251265,2603.37605396,2616.97470489,2641.90556492,2645.79089376,2668.10714286,2717.19008264,2741.28099174,2750.04132231,2770.19008264,2811.36363636,-1,-1,-1,-1,-1,-1,-1,-1,-1,-1,-1,-1,-1,
methods::0.0::8140,::1596.22413793,1600.27586207,1620.26315789,1633.94736842,1645.06578947,1652.76315789,1791.85542169,1825.59036145,
evaluating arithmetic expressions::0.0
examples::0.0::3740,::115.191489362,157.782608696,2326.04494382,
protected void right::0.0
traversing::0.0::930,7040,7260,7480,::1293.13901345,-1,
preorder tree walk::0.0
leaf::0.0::5280,::1043.11688312,1049.14285714,1054.41558442,1315.56053812,1479.51020408,1482.28571429,1563.81034483,1566.64655172,1741.65461847,2491.99662732,2493.93929174,
possibly arisen::0.0
traversals of binary::0.0
trees preorder::0.0
tree at least two::0.0
postorder traversal are special::0.0
right sub tree::0.0::5940,::780.186379928,789.149342891,800.425328554,822.977299881,832.518518519,833.385902031,900.752688172,903.933094385,912.028673835,939.495818399,1025.41558442,1167.55844156,1228.18181818,1267.09090909,1268.18181818,1278.36363636,1320.04484305,1419.48979592,1926.83614865,1931.625,1939.92567568,1966.42398649,1972.80912162,1990.04898649,2037.61824324,2049.43074324,2059.3277027,2066.35135135,2211.7704918,2224.21311475,2559.01854975,2564.846543,2567.11298482,2576.82630691,2591.07251265,2603.37605396,
processing::0.0
sub trees::0.0::1300,::2247.21311475,
node vidited::0.0
traversals of binary trees::0.0
tree from post::0.0
out print p element::0.0
trees postorder::0.0
building tree from pre::0.0
protected void right position::0.0
eulers::0.0::7040,::1296.27802691,1338.87892377,
obtaining::0.0
node after processing::0.0
void left position::0.0
determine::0.0::9240,::2270.00561798,2335.31460674,2421.67567568,
operator::0.0::5280,::1012.98701299,1081.15584416,1084.92207792,1779.40562249,
post order::0.220588235294::2210,::103.978723404,118.860465116,404.538461538,405.948717949,488.276422764,494.569105691,501.211382114,504.008130081,697.130434783,707.014492754,710.009661836,723.806451613,842.348864994,851.890083632,856.516129032,858.250896057,861.142174432,864.033452808,868.081242533,870.972520908,875.598566308,879.357228196,884.272401434,896.126642772,899.307048984,902.487455197,907.98088411,910.583034648,914.630824373,919.545997611,928.219832736,930.532855436,936.604540024,940.941457587,945.278375149,947.591397849,953.084826762,959.506493506,1003.94805195,1103.37662338,1138.40692641,1151.86147186,1525.72413793,2137.30935252,2143.0647482,2180.53125,2195.55737705,2222.32786885,2233.63934426,2235.90163934,2264.52808989,2278.85393258,2285.1741573,2297.39325843,2303.29213483,2307.92696629,2332.78651685,2342.38461538,2420.16216216,2433.27927928,2520.81281619,2535.70657673,2609.85160202,2676.92857143,2767.56198347,2793.40495868,-1,-1,
printing an arithmetic expression::0.0
last node::0.0
protected void external::0.0
binarytreetraversal::0.0
cfgdbea::0.0
postured::0.0
walk or traversal::0.0
fdg::0.0
identify the left::0.0
dfg fdg::0.0
inorder traversal to identify::0.0
similar::0.0
postorder traversal::0.0
public class printexpressiontraversal extends::0.0
walk around the tree::0.0
abstract::0.0::8140,::178.492307692,212.491803279,1611.28289474,1617.69736842,1636.51315789,
walks::0.0::370,::97.829787234,158.956521739,
special case::0.0
inorder v rightchild::0.0
arithmetic::0.0::4840,7040,7260,7480,::965.532467532,968.168831169,1113.54545455,1301.21076233,1392.08163265,1395.20408163,1397.63265306,1505.18367347,1672.43421053,1737.23694779,1805.10843373,1807.91967871,1810.73092369,
tree we cannot uniquely::0.0
tree walk::0.0::440,710,::87.3404255319,89.8723404255,
lens::0.0
eulers walk::0.0
cbfdgae::0.0
variable::0.0::5280,::1045.75324675,
generic computation::0.0::7920,::668.676328502,
building::0.0
agi::0.0
pre and in order::0.0::9240,::1831.63636364,2170.04316547,
assume::0.0
root of the binary::0.0
preorder inorder and postorder::0.0
ire ira::0.0
examples of pre::0.0
traversalresult::0.0
implemented by means::0.0
